-1.49545 -0.534668 -0.104955 
-1.49544 -0.534879 -0.0812167 
-1.4949 -0.510725 -0.128483 
-1.4949 -0.510936 -0.104745 
-1.49489 -0.511147 -0.0810062 
-1.49436 -0.486993 -0.128273 
-1.49435 -0.487204 -0.104534 
-1.49435 -0.487414 -0.0807956 
-1.4938 -0.463471 -0.104324 
-1.4938 -0.463682 -0.0805851 
-1.49326 -0.439739 -0.104113 
-1.49325 -0.43995 -0.0803746 
-1.47665 -0.748596 -0.130598 
-1.4761 -0.724863 -0.130388 
-1.47609 -0.725074 -0.106649 
-1.47555 -0.701342 -0.106439 
-1.47281 -0.58247 -0.129125 
-1.47281 -0.58268 -0.105386 
-1.4728 -0.582891 -0.0816475 
-1.47227 -0.558737 -0.128914 
-1.47226 -0.558948 -0.105176 
-1.47226 -0.559159 -0.081437 
-1.47172 -0.535005 -0.128704 
-1.47171 -0.535216 -0.104965 
-1.47171 -0.535426 -0.0812265 
-1.47117 -0.511273 -0.128493 
-1.47117 -0.511483 -0.104755 
-1.47116 -0.511694 -0.081016 
-1.47116 -0.511905 -0.0572773 
-1.47062 -0.48754 -0.128283 
-1.47062 -0.487751 -0.104544 
-1.47061 -0.487962 -0.0808054 
-1.47061 -0.488172 -0.0570668 
-1.47008 -0.463808 -0.128072 
-1.47007 -0.464019 -0.104334 
-1.47007 -0.464229 -0.0805949 
-1.47006 -0.46444 -0.0568563 
-1.46953 -0.440076 -0.127862 
-1.46952 -0.440286 -0.104123 
-1.46952 -0.440497 -0.0803844 
-1.46951 -0.440708 -0.0566458 
-1.46898 -0.416554 -0.103913 
-1.46897 -0.416765 -0.0801739 
-1.45401 -0.796608 -0.131029 
-1.454 -0.796819 -0.107291 
-1.45346 -0.772876 -0.130819 
-1.45346 -0.773086 -0.10708 
-1.45292 -0.748933 -0.154347 
-1.45291 -0.749143 -0.130608 
-1.45291 -0.749354 -0.10687 
-1.45237 -0.7252 -0.154136 
-1.45237 -0.725411 -0.130398 
-1.45236 -0.725622 -0.106659 
-1.45182 -0.701468 -0.153926 
-1.45182 -0.701679 -0.130187 
-1.45181 -0.701889 -0.106449 
-1.45127 -0.677946 -0.129977 
-1.45127 -0.678157 -0.106238 
-1.45072 -0.654214 -0.129766 
-1.45072 -0.654425 -0.106027 
-1.45071 -0.654635 -0.0822889 
-1.45018 -0.630482 -0.129556 
-1.45017 -0.630692 -0.105817 
-1.45017 -0.630903 -0.0820783 
-1.44963 -0.606749 -0.129345 
-1.44962 -0.60696 -0.105606 
-1.44962 -0.607171 -0.0818678 
-1.44908 -0.583017 -0.129135 
-1.44908 -0.583228 -0.105396 
-1.44907 -0.583438 -0.0816573 
-1.44853 -0.559285 -0.128924 
-1.44853 -0.559495 -0.105185 
-1.44852 -0.559706 -0.0814468 
-1.44852 -0.559917 -0.0577082 
-1.44799 -0.535552 -0.128714 
-1.44798 -0.535763 -0.104975 
-1.44798 -0.535974 -0.0812363 
-1.44797 -0.536185 -0.0574977 
-1.44744 -0.51182 -0.128503 
-1.44743 -0.512031 -0.104764 
-1.44743 -0.512242 -0.0810258 
-1.44742 -0.512452 -0.0572871 
-1.44689 -0.488088 -0.128292 
-1.44689 -0.488299 -0.104554 
-1.44688 -0.488509 -0.0808152 
-1.44688 -0.48872 -0.0570766 
-1.44634 -0.464356 -0.128082 
-1.44634 -0.464566 -0.104343 
-1.44633 -0.464777 -0.0806047 
-1.44633 -0.464988 -0.0568661 
-1.44579 -0.440623 -0.127871 
-1.44579 -0.440834 -0.104133 
-1.44578 -0.441045 -0.0803942 
-1.44578 -0.441255 -0.0566556 
-1.44524 -0.417102 -0.103922 
-1.44524 -0.417312 -0.0801837 
-1.43028 -0.797155 -0.131039 
-1.43027 -0.797366 -0.1073 
-1.42973 -0.773212 -0.154567 
-1.42973 -0.773423 -0.130828 
-1.42972 -0.773634 -0.10709 
-1.42918 -0.74948 -0.154357 
-1.42918 -0.749691 -0.130618 
-1.42918 -0.749901 -0.106879 
-1.42917 -0.750112 -0.0831407 
-1.42864 -0.725748 -0.154146 
-1.42863 -0.725958 -0.130407 
-1.42863 -0.726169 -0.106669 
-1.42862 -0.72638 -0.0829302 
-1.42809 -0.702015 -0.153936 
-1.42808 -0.702226 -0.130197 
-1.42808 -0.702437 -0.106458 
-1.42808 -0.702647 -0.0827197 
-1.42754 -0.678283 -0.153725 
-1.42754 -0.678494 -0.129986 
-1.42753 -0.678704 -0.106248 
-1.42753 -0.678915 -0.0825092 
-1.42699 -0.654762 -0.129776 
-1.42698 -0.654972 -0.106037 
-1.42698 -0.655183 -0.0822987 
-1.42644 -0.631029 -0.129565 
-1.42644 -0.63124 -0.105827 
-1.42643 -0.631451 -0.0820881 
-1.42589 -0.607297 -0.129355 
-1.42589 -0.607508 -0.105616 
-1.42588 -0.607718 -0.0818776 
-1.42588 -0.607929 -0.058139 
-1.42535 -0.583354 -0.152883 
-1.42535 -0.583565 -0.129144 
-1.42534 -0.583775 -0.105406 
-1.42534 -0.583986 -0.0816671 
-1.42533 -0.584197 -0.0579285 
-1.4248 -0.559832 -0.128934 
-1.42479 -0.560043 -0.105195 
-1.42479 -0.560254 -0.0814566 
-1.42478 -0.560464 -0.057718 
-1.42425 -0.5361 -0.128723 
-1.42425 -0.536311 -0.104985 
-1.42424 -0.536521 -0.0812461 
-1.42424 -0.536732 -0.0575075 
-1.4237 -0.512368 -0.128513 
-1.4237 -0.512578 -0.104774 
-1.42369 -0.512789 -0.0810356 
-1.42369 -0.513 -0.0572969 
-1.42316 -0.488635 -0.128302 
-1.42315 -0.488846 -0.104564 
-1.42315 -0.489057 -0.080825 
-1.42314 -0.489267 -0.0570864 
-1.42261 -0.464903 -0.128092 
-1.4226 -0.465114 -0.104353 
-1.4226 -0.465324 -0.0806145 
-1.42259 -0.465535 -0.0568759 
-1.42206 -0.441171 -0.127881 
-1.42206 -0.441381 -0.104143 
-1.42205 -0.441592 -0.080404 
-1.42205 -0.441803 -0.0566654 
-1.42151 -0.417649 -0.103932 
-1.4215 -0.41786 -0.0801935 
-1.40709 -0.821435 -0.131259 
-1.40655 -0.797492 -0.154787 
-1.40654 -0.797703 -0.131049 
-1.40654 -0.797914 -0.10731 
-1.406 -0.77376 -0.154577 
-1.40599 -0.773971 -0.130838 
-1.40599 -0.774181 -0.1071 
-1.40598 -0.774392 -0.083361 
-1.40546 -0.749817 -0.178105 
-1.40545 -0.750028 -0.154366 
-1.40545 -0.750238 -0.130628 
-1.40544 -0.750449 -0.106889 
-1.40544 -0.75066 -0.0831505 
-1.4049 -0.726295 -0.154156 
-1.4049 -0.726506 -0.130417 
-1.40489 -0.726717 -0.106679 
-1.40489 -0.726927 -0.08294 
-1.40436 -0.702563 -0.153945 
-1.40435 -0.702774 -0.130207 
-1.40435 -0.702984 -0.106468 
-1.40434 -0.703195 -0.0827295 
-1.40381 -0.678831 -0.153735 
-1.4038 -0.679041 -0.129996 
-1.4038 -0.679252 -0.106258 
-1.40379 -0.679463 -0.082519 
-1.40326 -0.655098 -0.153524 
-1.40326 -0.655309 -0.129786 
-1.40325 -0.65552 -0.106047 
-1.40325 -0.65573 -0.0823085 
-1.40324 -0.655941 -0.0585698 
-1.40271 -0.631366 -0.153314 
-1.40271 -0.631577 -0.129575 
-1.4027 -0.631787 -0.105837 
-1.4027 -0.631998 -0.0820979 
-1.40269 -0.632209 -0.0583593 
-1.40217 -0.607634 -0.153103 
-1.40216 -0.607844 -0.129365 
-1.40216 -0.608055 -0.105626 
-1.40215 -0.608266 -0.0818874 
-1.40215 -0.608476 -0.0581488 
-1.40162 -0.583901 -0.152893 
-1.40161 -0.584112 -0.129154 
-1.40161 -0.584323 -0.105416 
-1.4016 -0.584533 -0.0816769 
-1.4016 -0.584744 -0.0579383 
-1.40107 -0.560169 -0.152682 
-1.40107 -0.56038 -0.128944 
-1.40106 -0.56059 -0.105205 
-1.40106 -0.560801 -0.0814664 
-1.40105 -0.561012 -0.0577278 
-1.40052 -0.536437 -0.152472 
-1.40052 -0.536647 -0.128733 
-1.40051 -0.536858 -0.104994 
-1.40051 -0.537069 -0.0812559 
-1.4005 -0.53728 -0.0575173 
-1.4005 -0.53749 -0.0337786 
-1.39997 -0.512915 -0.128523 
-1.39997 -0.513126 -0.104784 
-1.39996 -0.513337 -0.0810454 
-1.39996 -0.513547 -0.0573067 
-1.39995 -0.513758 -0.0335681 
-1.39942 -0.489183 -0.128312 
-1.39942 -0.489394 -0.104573 
-1.39941 -0.489604 -0.0808348 
-1.39941 -0.489815 -0.0570962 
-1.3994 -0.490026 -0.0333576 
-1.39888 -0.465451 -0.128102 
-1.39887 -0.465661 -0.104363 
-1.39887 -0.465872 -0.0806243 
-1.39886 -0.466083 -0.0568857 
-1.39832 -0.441929 -0.104152 
-1.39832 -0.44214 -0.0804138 
-1.39831 -0.44235 -0.0566752 
-1.39778 -0.418197 -0.103942 
-1.39777 -0.418407 -0.0802033 
-1.38281 -0.79804 -0.154797 
-1.38281 -0.79825 -0.131059 
-1.3828 -0.798461 -0.10732 
-1.38227 -0.774307 -0.154587 
-1.38226 -0.774518 -0.130848 
-1.38226 -0.774729 -0.107109 
-1.38225 -0.774939 -0.0833708 
-1.38172 -0.750575 -0.154376 
-1.38171 -0.750786 -0.130638 
-1.38171 -0.750996 -0.106899 
-1.3817 -0.751207 -0.0831603 
-1.38117 -0.726843 -0.154166 
-1.38117 -0.727053 -0.130427 
-1.38116 -0.727264 -0.106688 
-1.38116 -0.727475 -0.0829498 
-1.38062 -0.70311 -0.153955 
-1.38062 -0.703321 -0.130217 
-1.38061 -0.703532 -0.106478 
-1.38061 -0.703742 -0.0827393 
-1.38008 -0.679378 -0.153745 
-1.38007 -0.679589 -0.130006 
-1.38007 -0.6798 -0.106267 
-1.38006 -0.68001 -0.0825288 
-1.38006 -0.680221 -0.0587901 
-1.37953 -0.655646 -0.153534 
-1.37952 -0.655857 -0.129795 
-1.37952 -0.656067 -0.106057 
-1.37951 -0.656278 -0.0823183 
-1.37951 -0.656489 -0.0585796 
-1.37898 -0.631914 -0.153324 
-1.37898 -0.632124 -0.129585 
-1.37897 -0.632335 -0.105846 
-1.37897 -0.632546 -0.0821077 
-1.37896 -0.632756 -0.0583691 
-1.37843 -0.608181 -0.153113 
-1.37843 -0.608392 -0.129374 
-1.37842 -0.608603 -0.105636 
-1.37842 -0.608813 -0.0818972 
-1.37841 -0.609024 -0.0581586 
-1.37789 -0.584449 -0.152903 
-1.37788 -0.58466 -0.129164 
-1.37788 -0.58487 -0.105425 
-1.37787 -0.585081 -0.0816867 
-1.37787 -0.585292 -0.0579481 
-1.37734 -0.560717 -0.152692 
-1.37733 -0.560927 -0.128953 
-1.37733 -0.561138 -0.105215 
-1.37732 -0.561349 -0.0814762 
-1.37732 -0.561559 -0.0577376 
-1.37679 -0.536984 -0.152482 
-1.37679 -0.537195 -0.128743 
-1.37678 -0.537406 -0.105004 
-1.37678 -0.537616 -0.0812657 
-1.37677 -0.537827 -0.0575271 
-1.37677 -0.538038 -0.0337884 
-1.37624 -0.513463 -0.128532 
-1.37623 -0.513673 -0.104794 
-1.37623 -0.513884 -0.0810552 
-1.37622 -0.514095 -0.0573165 
-1.37569 -0.48973 -0.128322 
-1.37569 -0.489941 -0.104583 
-1.37568 -0.490152 -0.0808446 
-1.37568 -0.490362 -0.057106 
-1.37514 -0.465998 -0.128111 
-1.37514 -0.466209 -0.104373 
-1.37513 -0.466419 -0.0806341 
-1.37513 -0.46663 -0.0568955 
-1.37459 -0.442476 -0.104162 
-1.37459 -0.442687 -0.0804236 
-1.37458 -0.442898 -0.056685 
-1.35908 -0.798798 -0.131068 
-1.35907 -0.799009 -0.10733 
-1.35853 -0.774855 -0.154596 
-1.35853 -0.775066 -0.130858 
-1.35852 -0.775276 -0.107119 
-1.35852 -0.775487 -0.0833806 
-1.35799 -0.751123 -0.154386 
-1.35798 -0.751333 -0.130647 
-1.35798 -0.751544 -0.106909 
-1.35797 -0.751755 -0.0831701 
-1.35744 -0.72739 -0.154175 
-1.35743 -0.727601 -0.130437 
-1.35743 -0.727812 -0.106698 
-1.35742 -0.728022 -0.0829596 
-1.35689 -0.703658 -0.153965 
-1.35689 -0.703869 -0.130226 
-1.35688 -0.704079 -0.106488 
-1.35688 -0.70429 -0.0827491 
-1.35634 -0.679926 -0.153754 
-1.35634 -0.680136 -0.130016 
-1.35633 -0.680347 -0.106277 
-1.35633 -0.680558 -0.0825386 
-1.35632 -0.680768 -0.0587999 
-1.35579 -0.656193 -0.153544 
-1.35579 -0.656404 -0.129805 
-1.35579 -0.656615 -0.106067 
-1.35578 -0.656825 -0.0823281 
-1.35578 -0.657036 -0.0585894 
-1.35525 -0.632461 -0.153333 
-1.35524 -0.632672 -0.129595 
-1.35524 -0.632882 -0.105856 
-1.35523 -0.633093 -0.0821175 
-1.35523 -0.633304 -0.0583789 
-1.3547 -0.608729 -0.153123 
-1.35469 -0.608939 -0.129384 
-1.35469 -0.60915 -0.105646 
-1.35469 -0.609361 -0.081907 
-1.35468 -0.609571 -0.0581684 
-1.35415 -0.584996 -0.152912 
-1.35415 -0.585207 -0.129174 
-1.35414 -0.585418 -0.105435 
-1.35414 -0.585628 -0.0816965 
-1.35413 -0.585839 -0.0579579 
-1.3536 -0.561264 -0.152702 
-1.3536 -0.561475 -0.128963 
-1.35359 -0.561685 -0.105225 
-1.35359 -0.561896 -0.081486 
-1.35358 -0.562107 -0.0577474 
-1.35305 -0.537742 -0.128753 
-1.35305 -0.537953 -0.105014 
-1.35304 -0.538164 -0.0812755 
-1.35304 -0.538375 -0.0575369 
-1.3525 -0.51401 -0.128542 
-1.3525 -0.514221 -0.104804 
-1.35249 -0.514432 -0.081065 
-1.35249 -0.514642 -0.0573263 
-1.35196 -0.490278 -0.128332 
-1.35195 -0.490489 -0.104593 
-1.35195 -0.490699 -0.0808544 
-1.35194 -0.49091 -0.0571158 
-1.3514 -0.466756 -0.104383 
-1.3514 -0.466967 -0.0806439 
-1.35139 -0.467178 -0.0569053 
-1.35085 -0.443235 -0.0804334 
-1.33479 -0.775613 -0.130868 
-1.33479 -0.775824 -0.107129 
-1.33425 -0.75167 -0.154396 
-1.33425 -0.751881 -0.130657 
-1.33424 -0.752091 -0.106919 
-1.33424 -0.752302 -0.0831799 
-1.3337 -0.727938 -0.154185 
-1.3337 -0.728148 -0.130447 
-1.33369 -0.728359 -0.106708 
-1.33369 -0.72857 -0.0829694 
-1.33316 -0.704205 -0.153975 
-1.33315 -0.704416 -0.130236 
-1.33315 -0.704627 -0.106498 
-1.33314 -0.704838 -0.0827589 
-1.33261 -0.680473 -0.153764 
-1.3326 -0.680684 -0.130026 
-1.3326 -0.680895 -0.106287 
-1.33259 -0.681105 -0.0825484 
-1.33206 -0.656741 -0.153554 
-1.33206 -0.656952 -0.129815 
-1.33205 -0.657162 -0.106076 
-1.33205 -0.657373 -0.0823379 
-1.33151 -0.633009 -0.153343 
-1.33151 -0.633219 -0.129605 
-1.3315 -0.63343 -0.105866 
-1.3315 -0.633641 -0.0821273 
-1.33149 -0.633851 -0.0583887 
-1.33097 -0.609276 -0.153133 
-1.33096 -0.609487 -0.129394 
-1.33096 -0.609698 -0.105655 
-1.33095 -0.609908 -0.0819168 
-1.33095 -0.610119 -0.0581782 
-1.33042 -0.585544 -0.152922 
-1.33041 -0.585755 -0.129184 
-1.33041 -0.585965 -0.105445 
-1.3304 -0.586176 -0.0817063 
-1.3304 -0.586387 -0.0579677 
-1.32987 -0.562022 -0.128973 
-1.32986 -0.562233 -0.105234 
-1.32986 -0.562444 -0.0814958 
-1.32985 -0.562654 -0.0577572 
-1.32932 -0.53829 -0.128763 
-1.32931 -0.538501 -0.105024 
-1.32931 -0.538711 -0.0812853 
-1.3293 -0.538922 -0.0575467 
-1.32877 -0.514558 -0.128552 
-1.32877 -0.514768 -0.104813 
-1.32876 -0.514979 -0.0810748 
-1.32876 -0.51519 -0.0573361 
-1.32822 -0.491036 -0.104603 
-1.32821 -0.491247 -0.0808642 
-1.32821 -0.491457 -0.0571256 
-1.32767 -0.467514 -0.0806537 
-1.30997 -0.728696 -0.130456 
-1.30996 -0.728907 -0.106718 
-1.30942 -0.704964 -0.130246 
-1.30941 -0.705174 -0.106507 
-1.30941 -0.705385 -0.0827687 
-1.30887 -0.681231 -0.130035 
-1.30887 -0.681442 -0.106297 
-1.30886 -0.681653 -0.0825582 
-1.30832 -0.657499 -0.129825 
-1.30832 -0.65771 -0.106086 
-1.30831 -0.65792 -0.0823477 
-1.30778 -0.633767 -0.129614 
-1.30777 -0.633977 -0.105876 
-1.30777 -0.634188 -0.0821371 
-1.30723 -0.610034 -0.129404 
-1.30722 -0.610245 -0.105665 
-1.30722 -0.610456 -0.0819266 
-1.30668 -0.586302 -0.129193 
-1.30668 -0.586513 -0.105455 
-1.30667 -0.586723 -0.0817161 
-1.30667 -0.586934 -0.0579775 
-1.30613 -0.56257 -0.128983 
-1.30613 -0.56278 -0.105244 
-1.30612 -0.562991 -0.0815056 
-1.30612 -0.563202 -0.057767 
-1.30558 -0.539048 -0.105034 
-1.30558 -0.539259 -0.0812951 
-1.30557 -0.53947 -0.0575565 
-1.30503 -0.515316 -0.104823 
-1.30503 -0.515527 -0.0810846 
-1.30448 -0.491794 -0.080874 
-1.28513 -0.68199 -0.106307 
-1.28459 -0.658257 -0.106096 
-1.28404 -0.634314 -0.129624 
-1.28404 -0.634525 -0.105886 
-1.28403 -0.634736 -0.0821469 
-1.2835 -0.610582 -0.129414 
-1.28349 -0.610793 -0.105675 
-1.28349 -0.611003 -0.0819364 
-1.28294 -0.58706 -0.105465 
-1.28294 -0.587271 -0.0817259 
-1.2824 -0.563328 -0.105254 
-1.28239 -0.563539 -0.0815154 
-1.28185 -0.539596 -0.105043 
-1.28184 -0.539806 -0.0813049 
-1.1279 -0.0463985 0.112966 
-1.12736 -0.0226662 0.113177 
-1.12681 0.00106611 0.113387 
-1.10472 -0.0706783 0.112746 
-1.10418 -0.0467353 0.0892177 
-1.10417 -0.046946 0.112956 
-1.10363 -0.023003 0.0894282 
-1.10362 -0.0232137 0.113167 
-1.10308 0.00051861 0.113377 
-1.10253 0.0242509 0.113588 
-1.08154 -0.0947474 0.0887869 
-1.08153 -0.0949581 0.112525 
-1.08099 -0.0710151 0.0889974 
-1.08099 -0.0712258 0.112736 
-1.08044 -0.0472828 0.0892079 
-1.08044 -0.0474935 0.112947 
-1.0799 -0.0235505 0.0894184 
-1.07989 -0.0237612 0.113157 
-1.07935 0.000181792 0.0896289 
-1.07934 -2.88944e-05 0.113368 
-1.0788 0.0237034 0.113578 
-1.07825 0.0474357 0.113789 
-1.05781 -0.0952949 0.0887771 
-1.0578 -0.0955056 0.112516 
-1.05726 -0.0715626 0.0889876 
-1.05725 -0.0717733 0.112726 
-1.05671 -0.0478303 0.0891981 
-1.0567 -0.048041 0.112937 
-1.05616 -0.024098 0.0894086 
-1.05616 -0.0243087 0.113147 
-1.05561 -0.000365713 0.0896191 
-1.05561 -0.000576399 0.113358 
-1.05507 0.0233666 0.0898296 
-1.05506 0.0231559 0.113568 
-1.05451 0.0468882 0.113779 
-1.05397 0.0706205 0.113989 
-1.03407 -0.0958424 0.0887673 
-1.03407 -0.0960531 0.112506 
-1.03352 -0.0721101 0.0889778 
-1.03352 -0.0723208 0.112716 
-1.03298 -0.0483778 0.0891883 
-1.03297 -0.0485885 0.112927 
-1.03243 -0.0246455 0.0893988 
-1.03242 -0.0248562 0.113137 
-1.03188 -0.000913217 0.0896093 
-1.03188 -0.0011239 0.113348 
-1.03133 0.0228191 0.0898198 
-1.03133 0.0226084 0.113558 
-1.03132 0.0223977 0.137297 
-1.03078 0.0463407 0.113769 
-1.03023 0.070073 0.113979 
-1.01034 -0.0963899 0.0887575 
-1.01033 -0.0966006 0.112496 
-1.00979 -0.0726576 0.088968 
-1.00979 -0.0728683 0.112707 
-1.00924 -0.0489253 0.0891785 
-1.00924 -0.049136 0.112917 
-1.0087 -0.025193 0.089389 
-1.00869 -0.0254037 0.113128 
-1.00815 -0.00146072 0.0895995 
-1.00814 -0.00167141 0.113338 
-1.0076 0.0222716 0.08981 
-1.0076 0.0220609 0.113549 
-1.00759 0.0218502 0.137287 
-1.00705 0.0457932 0.113759 
-1.00704 0.0455825 0.137498 
-1.0065 0.0695255 0.11397 
-0.986605 -0.0969374 0.0887477 
-0.9866 -0.0971481 0.112486 
-0.986058 -0.0732051 0.0889582 
-0.986053 -0.0734158 0.112697 
-0.98551 -0.0494728 0.0891687 
-0.985505 -0.0496835 0.112907 
-0.984963 -0.0257405 0.0893792 
-0.984958 -0.0259512 0.113118 
-0.98441 -0.00221891 0.113328 
-0.983867 0.0217241 0.0898002 
-0.983863 0.0215134 0.113539 
-0.983858 0.0213027 0.137277 
-0.983315 0.0452457 0.113749 
-0.98331 0.045035 0.137488 
-0.982767 0.068978 0.11396 
-0.96232 -0.0739633 0.112687 
-0.961772 -0.050231 0.112898 
-0.961224 -0.0264987 0.113108 
-0.960677 -0.00276642 0.113319 
-0.960129 0.0209659 0.113529 
-0.959582 0.0446982 0.11374 
-0.959034 0.0684305 0.11395 
-0.936396 0.0204184 0.113519 
-0.935848 0.0441507 0.11373 
-0.891667 -0.0993381 0.112447 
-0.89112 -0.0756058 0.112658 
-0.890572 -0.0518735 0.112868 
-0.867934 -0.0998857 0.112437 
-0.867387 -0.0761533 0.112648 
-0.866839 -0.052421 0.112858 
-0.866291 -0.0286887 0.113069 
-0.865744 -0.00495643 0.113279 
-0.844201 -0.100433 0.112427 
-0.843653 -0.0767009 0.112638 
-0.843106 -0.0529685 0.112849 
-0.843101 -0.0531792 0.136587 
-0.842558 -0.0292362 0.113059 
-0.842553 -0.0294469 0.136798 
-0.842011 -0.00550394 0.11327 
-0.842006 -0.00571462 0.137008 
-0.841463 0.0182284 0.11348 
-0.841458 0.0180177 0.137219 
-0.820468 -0.100981 0.112418 
-0.81992 -0.0772484 0.112628 
-0.819373 -0.0535161 0.112839 
-0.819368 -0.0537267 0.136577 
-0.818825 -0.0297837 0.113049 
-0.81882 -0.0299944 0.136788 
-0.818277 -0.00605144 0.11326 
-0.818273 -0.00626213 0.136998 
-0.81773 0.0176809 0.11347 
-0.817725 0.0174702 0.137209 
-0.796187 -0.0777959 0.112618 
-0.795639 -0.0540636 0.112829 
-0.795092 -0.0303313 0.113039 
-0.795087 -0.0305419 0.136778 
-0.794544 -0.00659895 0.11325 
-0.794539 -0.00680963 0.136989 
-0.793997 0.0171334 0.11346 
-0.793992 0.0169227 0.137199 
-0.771906 -0.0546111 0.112819 
-0.771359 -0.0308788 0.11303 
-0.770811 -0.00714645 0.11324 
-0.770806 -0.00735714 0.136979 
-0.770263 0.0165859 0.113451 
-0.770258 0.0163752 0.137189 
-0.769716 0.0403182 0.113661 
-0.769711 0.0401075 0.1374 
-0.74653 0.0160384 0.113441 
-0.746525 0.0158277 0.137179 
-0.745978 0.03956 0.13739 
-0.740886 -0.766832 0.0115296 
-0.740339 -0.7431 0.0117401 
-0.722792 0.0152802 0.13717 
-0.717153 -0.76738 0.0115198 
-0.716606 -0.743648 0.0117303 
-0.716601 -0.743858 0.0354689 
-0.716058 -0.719915 0.0119408 
-0.69342 -0.767927 0.01151 
-0.693415 -0.768138 0.0352486 
-0.692872 -0.744195 0.0117205 
-0.692325 -0.720463 0.011931 
-0.690159 -0.62448 -0.10592 
-0.689612 -0.600748 -0.10571 
-0.689064 -0.577016 -0.105499 
-0.688517 -0.553283 -0.105288 
-0.688512 -0.553494 -0.0815499 
-0.687969 -0.529551 -0.105078 
-0.669687 -0.768475 0.0115002 
-0.666974 -0.64876 -0.10614 
-0.666431 -0.624817 -0.129668 
-0.666426 -0.625028 -0.10593 
-0.665883 -0.601085 -0.129458 
-0.665879 -0.601295 -0.105719 
-0.665874 -0.601506 -0.0819807 
-0.665336 -0.577352 -0.129247 
-0.665331 -0.577563 -0.105509 
-0.665326 -0.577774 -0.0817702 
-0.664788 -0.55362 -0.129037 
-0.664783 -0.553831 -0.105298 
-0.664778 -0.554041 -0.0815597 
-0.664236 -0.530098 -0.105088 
-0.64324 -0.649308 -0.10615 
-0.642698 -0.625365 -0.129678 
-0.642693 -0.625575 -0.10594 
-0.64215 -0.601632 -0.129468 
-0.642145 -0.601843 -0.105729 
-0.64214 -0.602054 -0.0819905 
-0.641603 -0.5779 -0.129257 
-0.641598 -0.578111 -0.105519 
-0.641593 -0.578321 -0.08178 
-0.641055 -0.554168 -0.129047 
-0.64105 -0.554378 -0.105308 
-0.641045 -0.554589 -0.0815695 
-0.640503 -0.530646 -0.105098 
-0.619507 -0.649855 -0.10616 
-0.618965 -0.625912 -0.129688 
-0.61896 -0.626123 -0.105949 
-0.618417 -0.60218 -0.129478 
-0.618412 -0.60239 -0.105739 
-0.618407 -0.602601 -0.0820003 
-0.617869 -0.578447 -0.129267 
-0.617864 -0.578658 -0.105528 
-0.617322 -0.554715 -0.129057 
-0.617317 -0.554926 -0.105318 
-0.617312 -0.555136 -0.0815793 
-0.616769 -0.531194 -0.105107 
-0.595226 -0.62667 -0.105959 
-0.594679 -0.602938 -0.105749 
-0.594131 -0.579206 -0.105538 
-0.593584 -0.555473 -0.105328 
-0.593006 -0.533005 0.0373145 
-0.592459 -0.509273 0.0375251 
-0.592454 -0.509484 0.0612637 
-0.591911 -0.485541 0.0377356 
-0.591906 -0.485751 0.0614742 
-0.570368 -0.581017 0.0368837 
-0.569821 -0.557285 0.0370942 
-0.569816 -0.557496 0.0608328 
-0.569273 -0.533553 0.0373047 
-0.569268 -0.533763 0.0610434 
-0.568726 -0.50982 0.0375153 
-0.568721 -0.510031 0.0612539 
-0.568178 -0.486088 0.0377258 
-0.568173 -0.486299 0.0614644 
-0.56763 -0.462356 0.0379363 
-0.567626 -0.462566 0.0616749 
-0.567083 -0.438623 0.0381468 
-0.567078 -0.438834 0.0618854 
-0.54773 -0.629029 0.0364529 
-0.547183 -0.605297 0.0366634 
-0.547178 -0.605508 0.060402 
-0.546635 -0.581565 0.0368739 
-0.54663 -0.581775 0.0606125 
-0.546088 -0.557832 0.0370844 
-0.546083 -0.558043 0.060823 
-0.54554 -0.5341 0.0372949 
-0.545535 -0.534311 0.0610336 
-0.54553 -0.534522 0.0847722 
-0.544997 -0.510157 0.0137668 
-0.544992 -0.510368 0.0375055 
-0.544987 -0.510579 0.0612441 
-0.544983 -0.510789 0.0849827 
-0.544445 -0.486636 0.037716 
-0.54444 -0.486846 0.0614546 
-0.544435 -0.487057 0.0851932 
-0.543897 -0.462903 0.0379265 
-0.543892 -0.463114 0.0616651 
-0.54335 -0.439171 0.038137 
-0.543345 -0.439382 0.0618756 
-0.542802 -0.415439 0.0383475 
-0.542797 -0.415649 0.0620861 
-0.524545 -0.653309 0.0362326 
-0.523997 -0.629577 0.0364431 
-0.523992 -0.629788 0.0601817 
-0.523454 -0.605634 0.012915 
-0.523449 -0.605845 0.0366536 
-0.523444 -0.606055 0.0603922 
-0.522907 -0.581902 0.0131255 
-0.522902 -0.582112 0.0368641 
-0.522897 -0.582323 0.0606027 
-0.522359 -0.558169 0.013336 
-0.522354 -0.55838 0.0370746 
-0.522349 -0.558591 0.0608132 
-0.522344 -0.558801 0.0845519 
-0.521807 -0.534648 0.0372851 
-0.521802 -0.534858 0.0610238 
-0.521797 -0.535069 0.0847624 
-0.521264 -0.510705 0.013757 
-0.521259 -0.510915 0.0374957 
-0.521254 -0.511126 0.0612343 
-0.521249 -0.511337 0.0849729 
-0.520712 -0.487183 0.0377062 
-0.520707 -0.487394 0.0614448 
-0.520702 -0.487604 0.0851834 
-0.520164 -0.463451 0.0379167 
-0.520159 -0.463661 0.0616553 
-0.519616 -0.439718 0.0381272 
-0.519611 -0.439929 0.0618658 
-0.519069 -0.415986 0.0383377 
-0.519064 -0.416197 0.0620763 
-0.518521 -0.392254 0.0385482 
-0.518516 -0.392464 0.0622869 
-0.500811 -0.653857 0.0362228 
-0.500269 -0.629914 0.0126947 
-0.500264 -0.630124 0.0364333 
-0.500259 -0.630335 0.0601719 
-0.499721 -0.606181 0.0129052 
-0.499716 -0.606392 0.0366438 
-0.499711 -0.606603 0.0603824 
-0.499174 -0.582449 0.0131157 
-0.499169 -0.58266 0.0368543 
-0.499164 -0.58287 0.0605929 
-0.498626 -0.558717 0.0133262 
-0.498621 -0.558927 0.0370648 
-0.498616 -0.559138 0.0608034 
-0.498073 -0.535195 0.0372753 
-0.498069 -0.535406 0.061014 
-0.498064 -0.535617 0.0847526 
-0.497526 -0.511463 0.0374859 
-0.497521 -0.511674 0.0612245 
-0.497516 -0.511884 0.0849631 
-0.496978 -0.487731 0.0376964 
-0.496973 -0.487941 0.061435 
-0.496431 -0.463998 0.0379069 
-0.496426 -0.464209 0.0616455 
-0.495883 -0.440266 0.0381174 
-0.495878 -0.440477 0.061856 
-0.495336 -0.416534 0.0383279 
-0.495331 -0.416744 0.0620665 
-0.494788 -0.392801 0.0385384 
-0.494783 -0.393012 0.0622771 
-0.49424 -0.369069 0.0387489 
-0.477078 -0.654404 0.036213 
-0.476535 -0.630461 0.0126849 
-0.476531 -0.630672 0.0364235 
-0.476526 -0.630883 0.0601621 
-0.475988 -0.606729 0.0128954 
-0.475983 -0.60694 0.036634 
-0.475978 -0.60715 0.0603726 
-0.47544 -0.582997 0.0131059 
-0.475435 -0.583207 0.0368445 
-0.47543 -0.583418 0.0605831 
-0.474893 -0.559264 0.0133164 
-0.474888 -0.559475 0.037055 
-0.474883 -0.559686 0.0607936 
-0.47434 -0.535743 0.0372655 
-0.474335 -0.535953 0.0610042 
-0.473793 -0.51201 0.0374761 
-0.473788 -0.512221 0.0612147 
-0.473245 -0.488278 0.0376866 
-0.47324 -0.488489 0.0614252 
-0.472698 -0.464546 0.0378971 
-0.472693 -0.464756 0.0616357 
-0.47215 -0.440813 0.0381076 
-0.472145 -0.441024 0.0618462 
-0.471602 -0.417081 0.0383181 
-0.471597 -0.417292 0.0620567 
-0.471055 -0.393349 0.0385286 
-0.47105 -0.39356 0.0622673 
-0.470507 -0.369617 0.0387391 
-0.470502 -0.369827 0.0624778 
-0.46996 -0.345884 0.0389497 
-0.469955 -0.346095 0.0626883 
-0.469412 -0.322152 0.0391602 
-0.469407 -0.322363 0.0628988 
-0.452802 -0.631009 0.0126751 
-0.452797 -0.631219 0.0364137 
-0.452792 -0.63143 0.0601523 
-0.452255 -0.607276 0.0128856 
-0.45225 -0.607487 0.0366242 
-0.452245 -0.607698 0.0603628 
-0.451707 -0.583544 0.0130961 
-0.451702 -0.583755 0.0368347 
-0.451697 -0.583965 0.0605733 
-0.45116 -0.559812 0.0133066 
-0.451155 -0.560022 0.0370452 
-0.45115 -0.560233 0.0607838 
-0.450607 -0.53629 0.0372557 
-0.450602 -0.536501 0.0609944 
-0.450059 -0.512558 0.0374663 
-0.450054 -0.512769 0.0612049 
-0.449512 -0.488826 0.0376768 
-0.449507 -0.489036 0.0614154 
-0.448964 -0.465093 0.0378873 
-0.448959 -0.465304 0.0616259 
-0.448417 -0.441361 0.0380978 
-0.448412 -0.441572 0.0618364 
-0.447869 -0.417629 0.0383083 
-0.447864 -0.417839 0.0620469 
-0.447322 -0.393896 0.0385188 
-0.447317 -0.394107 0.0622575 
-0.446774 -0.370164 0.0387293 
-0.446769 -0.370375 0.062468 
-0.446226 -0.346432 0.0389399 
-0.446222 -0.346642 0.0626785 
-0.445679 -0.322699 0.0391504 
-0.445674 -0.32291 0.062889 
-0.445131 -0.298967 0.0393609 
-0.445126 -0.299178 0.0630995 
-0.429069 -0.631556 0.0126653 
-0.429064 -0.631767 0.0364039 
-0.428521 -0.607824 0.0128758 
-0.428516 -0.608035 0.0366144 
-0.428512 -0.608245 0.060353 
-0.427974 -0.584092 0.0130863 
-0.427969 -0.584302 0.0368249 
-0.427964 -0.584513 0.0605635 
-0.427426 -0.560359 0.0132968 
-0.427421 -0.56057 0.0370354 
-0.427416 -0.560781 0.060774 
-0.426879 -0.536627 0.0135073 
-0.426874 -0.536838 0.0372459 
-0.426869 -0.537048 0.0609846 
-0.426326 -0.513105 0.0374565 
-0.426321 -0.513316 0.0611951 
-0.425779 -0.489373 0.037667 
-0.425774 -0.489584 0.0614056 
-0.425231 -0.465641 0.0378775 
-0.425226 -0.465851 0.0616161 
-0.424683 -0.441908 0.038088 
-0.424679 -0.442119 0.0618266 
-0.424136 -0.418176 0.0382985 
-0.424131 -0.418387 0.0620371 
-0.423593 -0.394233 0.0147704 
-0.423588 -0.394444 0.038509 
-0.423583 -0.394655 0.0622477 
-0.423578 -0.394865 0.0859863 
-0.423046 -0.370501 0.0149809 
-0.423041 -0.370712 0.0387195 
-0.423036 -0.370922 0.0624582 
-0.423031 -0.371133 0.0861968 
-0.422498 -0.346769 0.0151914 
-0.422493 -0.346979 0.0389301 
-0.422488 -0.34719 0.0626687 
-0.422483 -0.347401 0.0864073 
-0.421951 -0.323036 0.015402 
-0.421946 -0.323247 0.0391406 
-0.421941 -0.323458 0.0628792 
-0.421936 -0.323668 0.0866178 
-0.421403 -0.299304 0.0156125 
-0.421398 -0.299515 0.0393511 
-0.421393 -0.299725 0.0630897 
-0.421388 -0.299936 0.0868283 
-0.42085 -0.275782 0.0395616 
-0.420846 -0.275993 0.0633002 
-0.420841 -0.276204 0.0870389 
-0.420298 -0.252261 0.0635107 
-0.404788 -0.608371 0.012866 
-0.404783 -0.608582 0.0366046 
-0.404241 -0.584639 0.0130765 
-0.404236 -0.58485 0.0368151 
-0.404231 -0.58506 0.0605537 
-0.403693 -0.560907 0.013287 
-0.403688 -0.561117 0.0370256 
-0.403683 -0.561328 0.0607642 
-0.403145 -0.537174 0.0134975 
-0.403141 -0.537385 0.0372361 
-0.403136 -0.537596 0.0609748 
-0.402598 -0.513442 0.013708 
-0.402593 -0.513653 0.0374467 
-0.402588 -0.513864 0.0611853 
-0.402045 -0.489921 0.0376572 
-0.40204 -0.490131 0.0613958 
-0.401498 -0.466188 0.0378677 
-0.401493 -0.466399 0.0616063 
-0.40095 -0.442456 0.0380782 
-0.400945 -0.442667 0.0618168 
-0.400403 -0.418724 0.0382887 
-0.400398 -0.418934 0.0620273 
-0.39986 -0.394781 0.0147606 
-0.399855 -0.394991 0.0384992 
-0.39985 -0.395202 0.0622379 
-0.399312 -0.371048 0.0149711 
-0.399308 -0.371259 0.0387097 
-0.399303 -0.37147 0.0624484 
-0.399298 -0.37168 0.086187 
-0.398765 -0.347316 0.0151816 
-0.39876 -0.347527 0.0389203 
-0.398755 -0.347737 0.0626589 
-0.39875 -0.347948 0.0863975 
-0.398217 -0.323584 0.0153922 
-0.398212 -0.323794 0.0391308 
-0.398207 -0.324005 0.0628694 
-0.398203 -0.324216 0.086608 
-0.39767 -0.299851 0.0156027 
-0.397665 -0.300062 0.0393413 
-0.39766 -0.300273 0.0630799 
-0.397655 -0.300483 0.0868185 
-0.397122 -0.276119 0.0158132 
-0.397117 -0.27633 0.0395518 
-0.397112 -0.27654 0.0632904 
-0.397107 -0.276751 0.0870291 
-0.396565 -0.252808 0.0635009 
-0.380507 -0.585187 0.0130667 
-0.380502 -0.585397 0.0368053 
-0.37996 -0.561454 0.0132772 
-0.379955 -0.561665 0.0370158 
-0.37995 -0.561876 0.0607544 
-0.379412 -0.537722 0.0134877 
-0.379407 -0.537933 0.0372263 
-0.379402 -0.538143 0.060965 
-0.378865 -0.51399 0.0136982 
-0.37886 -0.5142 0.0374369 
-0.378855 -0.514411 0.0611755 
-0.378317 -0.490257 0.0139088 
-0.378312 -0.490468 0.0376474 
-0.378307 -0.490679 0.061386 
-0.37777 -0.466525 0.0141193 
-0.377765 -0.466736 0.0378579 
-0.37776 -0.466946 0.0615965 
-0.377222 -0.442793 0.0143298 
-0.377217 -0.443003 0.0380684 
-0.377212 -0.443214 0.061807 
-0.377207 -0.443425 0.0855456 
-0.376674 -0.41906 0.0145403 
-0.376669 -0.419271 0.0382789 
-0.376665 -0.419482 0.0620175 
-0.37666 -0.419693 0.0857562 
-0.376127 -0.395328 0.0147508 
-0.376122 -0.395539 0.0384894 
-0.376117 -0.39575 0.0622281 
-0.376112 -0.39596 0.0859667 
-0.375579 -0.371596 0.0149613 
-0.375574 -0.371807 0.0386999 
-0.375569 -0.372017 0.0624386 
-0.375564 -0.372228 0.0861772 
-0.375032 -0.347864 0.0151718 
-0.375027 -0.348074 0.0389105 
-0.375022 -0.348285 0.0626491 
-0.375017 -0.348496 0.0863877 
-0.374489 -0.323921 -0.00835626 
-0.374484 -0.324131 0.0153824 
-0.374479 -0.324342 0.039121 
-0.374474 -0.324553 0.0628596 
-0.374469 -0.324763 0.0865982 
-0.373941 -0.300188 -0.00814574 
-0.373937 -0.300399 0.0155929 
-0.373932 -0.30061 0.0393315 
-0.373927 -0.30082 0.0630701 
-0.373922 -0.301031 0.0868087 
-0.373389 -0.276667 0.0158034 
-0.373384 -0.276877 0.039542 
-0.373379 -0.277088 0.0632806 
-0.373374 -0.277299 0.0870193 
-0.372841 -0.252934 0.0160139 
-0.372836 -0.253145 0.0397525 
-0.372832 -0.253356 0.0634911 
-0.372827 -0.253566 0.0872298 
-0.356227 -0.562002 0.0132674 
-0.356222 -0.562212 0.037006 
-0.355679 -0.538269 0.0134779 
-0.355674 -0.53848 0.0372165 
-0.355669 -0.538691 0.0609552 
-0.355131 -0.514537 0.0136884 
-0.355126 -0.514748 0.0374271 
-0.355122 -0.514959 0.0611657 
-0.354584 -0.490805 0.013899 
-0.354579 -0.491016 0.0376376 
-0.354574 -0.491226 0.0613762 
-0.354036 -0.467073 0.0141095 
-0.354031 -0.467283 0.0378481 
-0.354026 -0.467494 0.0615867 
-0.353489 -0.44334 0.01432 
-0.353484 -0.443551 0.0380586 
-0.353479 -0.443762 0.0617972 
-0.353474 -0.443972 0.0855358 
-0.352941 -0.419608 0.0145305 
-0.352936 -0.419819 0.0382691 
-0.352931 -0.420029 0.0620077 
-0.352394 -0.395876 0.014741 
-0.352389 -0.396086 0.0384796 
-0.352384 -0.396297 0.0622183 
-0.352379 -0.396508 0.0859569 
-0.351846 -0.372143 0.0149515 
-0.351841 -0.372354 0.0386901 
-0.351836 -0.372565 0.0624288 
-0.351831 -0.372775 0.0861674 
-0.351298 -0.348411 0.015162 
-0.351293 -0.348622 0.0389007 
-0.351289 -0.348832 0.0626393 
-0.351284 -0.349043 0.0863779 
-0.350756 -0.324468 -0.00836606 
-0.350751 -0.324679 0.0153726 
-0.350746 -0.324889 0.0391112 
-0.350741 -0.3251 0.0628498 
-0.350736 -0.325311 0.0865884 
-0.350203 -0.300946 0.0155831 
-0.350198 -0.301157 0.0393217 
-0.350193 -0.301368 0.0630603 
-0.350188 -0.301578 0.0867989 
-0.349656 -0.277214 0.0157936 
-0.349651 -0.277425 0.0395322 
-0.349646 -0.277636 0.0632708 
-0.349641 -0.277846 0.0870095 
-0.349108 -0.253482 0.0160041 
-0.349103 -0.253693 0.0397427 
-0.349098 -0.253903 0.0634813 
-0.348551 -0.230171 0.0636919 
-0.332488 -0.56276 0.0369962 
-0.331946 -0.538817 0.0134681 
-0.331941 -0.539028 0.0372067 
-0.331936 -0.539238 0.0609454 
-0.331398 -0.515085 0.0136786 
-0.331393 -0.515295 0.0374173 
-0.331388 -0.515506 0.0611559 
-0.330851 -0.491352 0.0138892 
-0.330846 -0.491563 0.0376278 
-0.330841 -0.491774 0.0613664 
-0.330303 -0.46762 0.0140997 
-0.330298 -0.467831 0.0378383 
-0.330293 -0.468041 0.0615769 
-0.329755 -0.443888 0.0143102 
-0.329751 -0.444098 0.0380488 
-0.329746 -0.444309 0.0617874 
-0.329741 -0.44452 0.085526 
-0.329208 -0.420155 0.0145207 
-0.329203 -0.420366 0.0382593 
-0.329198 -0.420577 0.0619979 
-0.329193 -0.420788 0.0857366 
-0.32866 -0.396423 0.0147312 
-0.328655 -0.396634 0.0384698 
-0.32865 -0.396845 0.0622085 
-0.328646 -0.397055 0.0859471 
-0.328113 -0.372691 0.0149417 
-0.328108 -0.372902 0.0386803 
-0.328103 -0.373112 0.062419 
-0.328098 -0.373323 0.0861576 
-0.32757 -0.348748 -0.00858637 
-0.327565 -0.348959 0.0151522 
-0.32756 -0.349169 0.0388909 
-0.327555 -0.34938 0.0626295 
-0.32755 -0.349591 0.0863681 
-0.327023 -0.325016 -0.00837586 
-0.327018 -0.325226 0.0153628 
-0.327013 -0.325437 0.0391014 
-0.327008 -0.325648 0.06284 
-0.327003 -0.325858 0.0865786 
-0.326475 -0.301283 -0.00816534 
-0.32647 -0.301494 0.0155733 
-0.326465 -0.301705 0.0393119 
-0.32646 -0.301915 0.0630505 
-0.326455 -0.302126 0.0867891 
-0.325927 -0.277551 -0.00795482 
-0.325922 -0.277762 0.0157838 
-0.325918 -0.277972 0.0395224 
-0.325913 -0.278183 0.063261 
-0.325908 -0.278394 0.0869997 
-0.325375 -0.254029 0.0159943 
-0.32537 -0.25424 0.0397329 
-0.325365 -0.254451 0.0634715 
-0.32536 -0.254661 0.0872102 
-0.324822 -0.230508 0.0399434 
-0.324817 -0.230718 0.0636821 
-0.307665 -0.515632 0.0136688 
-0.30766 -0.515843 0.0374075 
-0.307655 -0.516054 0.0611461 
-0.307117 -0.4919 0.0138794 
-0.307112 -0.492111 0.037618 
-0.307107 -0.492321 0.0613566 
-0.30657 -0.468168 0.0140899 
-0.306565 -0.468378 0.0378285 
-0.30656 -0.468589 0.0615671 
-0.306022 -0.444435 0.0143004 
-0.306017 -0.444646 0.038039 
-0.306012 -0.444857 0.0617776 
-0.305475 -0.420703 0.0145109 
-0.30547 -0.420914 0.0382495 
-0.305465 -0.421124 0.0619881 
-0.304932 -0.39676 -0.0090172 
-0.304927 -0.396971 0.0147214 
-0.304922 -0.397181 0.03846 
-0.304917 -0.397392 0.0621987 
-0.304384 -0.373028 -0.00880669 
-0.30438 -0.373238 0.0149319 
-0.304375 -0.373449 0.0386705 
-0.30437 -0.37366 0.0624092 
-0.304365 -0.37387 0.0861478 
-0.303837 -0.349295 -0.00859617 
-0.303832 -0.349506 0.0151424 
-0.303827 -0.349717 0.0388811 
-0.303822 -0.349927 0.0626197 
-0.303817 -0.350138 0.0863583 
-0.303289 -0.325563 -0.00838566 
-0.303284 -0.325774 0.015353 
-0.303279 -0.325984 0.0390916 
-0.303275 -0.326195 0.0628302 
-0.30327 -0.326406 0.0865688 
-0.302742 -0.301831 -0.00817514 
-0.302737 -0.302041 0.0155635 
-0.302732 -0.302252 0.0393021 
-0.302727 -0.302463 0.0630407 
-0.302722 -0.302674 0.0867793 
-0.302194 -0.278098 -0.00796462 
-0.302189 -0.278309 0.015774 
-0.302184 -0.27852 0.0395126 
-0.302179 -0.278731 0.0632512 
-0.302174 -0.278941 0.0869899 
-0.301642 -0.254577 0.0159845 
-0.301637 -0.254788 0.0397231 
-0.301632 -0.254998 0.0634617 
-0.301089 -0.231055 0.0399336 
-0.301084 -0.231266 0.0636723 
-0.283384 -0.492447 0.0138696 
-0.283379 -0.492658 0.0376082 
-0.283374 -0.492869 0.0613468 
-0.282837 -0.468715 0.0140801 
-0.282832 -0.468926 0.0378187 
-0.282827 -0.469136 0.0615573 
-0.282294 -0.444772 -0.00944804 
-0.282289 -0.444983 0.0142906 
-0.282284 -0.445193 0.0380292 
-0.282279 -0.445404 0.0617678 
-0.281746 -0.42104 -0.00923752 
-0.281741 -0.42125 0.0145011 
-0.281736 -0.421461 0.0382397 
-0.281732 -0.421672 0.0619783 
-0.281199 -0.397307 -0.009027 
-0.281194 -0.397518 0.0147116 
-0.281189 -0.397729 0.0384502 
-0.281184 -0.39794 0.0621889 
-0.280651 -0.373575 -0.00881649 
-0.280646 -0.373786 0.0149221 
-0.280641 -0.373997 0.0386607 
-0.280636 -0.374207 0.0623994 
-0.280631 -0.374418 0.086138 
-0.280104 -0.349843 -0.00860597 
-0.280099 -0.350054 0.0151326 
-0.280094 -0.350264 0.0388713 
-0.280089 -0.350475 0.0626099 
-0.280084 -0.350686 0.0863485 
-0.279556 -0.326111 -0.00839546 
-0.279551 -0.326321 0.0153432 
-0.279546 -0.326532 0.0390818 
-0.279541 -0.326743 0.0628204 
-0.279536 -0.326953 0.086559 
-0.279009 -0.302378 -0.00818494 
-0.279004 -0.302589 0.0155537 
-0.278999 -0.3028 0.0392923 
-0.278994 -0.30301 0.0630309 
-0.278989 -0.303221 0.0867695 
-0.278461 -0.278646 -0.00797442 
-0.278456 -0.278857 0.0157642 
-0.278451 -0.279067 0.0395028 
-0.278446 -0.279278 0.0632414 
-0.278441 -0.279489 0.0869801 
-0.277908 -0.255124 0.0159747 
-0.277904 -0.255335 0.0397133 
-0.277899 -0.255546 0.0634519 
-0.277356 -0.231603 0.0399238 
-0.277351 -0.231813 0.0636625 
-0.259103 -0.469263 0.0140703 
-0.259098 -0.469473 0.0378089 
-0.258561 -0.44532 -0.00945784 
-0.258556 -0.44553 0.0142808 
-0.258551 -0.445741 0.0380194 
-0.258546 -0.445952 0.061758 
-0.258013 -0.421587 -0.00924732 
-0.258008 -0.421798 0.0144913 
-0.258003 -0.422009 0.0382299 
-0.257998 -0.422219 0.0619685 
-0.257466 -0.397855 -0.0090368 
-0.257461 -0.398066 0.0147018 
-0.257456 -0.398276 0.0384404 
-0.257451 -0.398487 0.0621791 
-0.256918 -0.374123 -0.00882629 
-0.256913 -0.374333 0.0149123 
-0.256908 -0.374544 0.0386509 
-0.256903 -0.374755 0.0623896 
-0.25637 -0.35039 -0.00861577 
-0.256365 -0.350601 0.0151228 
-0.256361 -0.350812 0.0388615 
-0.256356 -0.351022 0.0626001 
-0.256351 -0.351233 0.0863387 
-0.255823 -0.326658 -0.00840526 
-0.255818 -0.326869 0.0153334 
-0.255813 -0.327079 0.039072 
-0.255808 -0.32729 0.0628106 
-0.255803 -0.327501 0.0865492 
-0.255275 -0.302926 -0.00819474 
-0.25527 -0.303136 0.0155439 
-0.255265 -0.303347 0.0392825 
-0.25526 -0.303558 0.0630211 
-0.255256 -0.303769 0.0867597 
-0.254728 -0.279193 -0.00798422 
-0.254723 -0.279404 0.0157544 
-0.254718 -0.279615 0.039493 
-0.254713 -0.279826 0.0632316 
-0.254175 -0.255672 0.0159649 
-0.25417 -0.255883 0.0397035 
-0.254165 -0.256093 0.0634421 
-0.253623 -0.23215 0.039914 
-0.253618 -0.232361 0.0636527 
-0.234823 -0.446078 0.014271 
-0.234818 -0.446288 0.0380096 
-0.234813 -0.446499 0.0617482 
-0.234275 -0.422345 0.0144815 
-0.23427 -0.422556 0.0382201 
-0.234265 -0.422767 0.0619587 
-0.233732 -0.398402 -0.0090466 
-0.233727 -0.398613 0.014692 
-0.233722 -0.398824 0.0384306 
-0.233718 -0.399035 0.0621693 
-0.233185 -0.37467 -0.00883609 
-0.23318 -0.374881 0.0149025 
-0.233175 -0.375092 0.0386411 
-0.23317 -0.375302 0.0623798 
-0.232637 -0.350938 -0.00862557 
-0.232632 -0.351149 0.015113 
-0.232627 -0.351359 0.0388517 
-0.232622 -0.35157 0.0625903 
-0.23209 -0.327206 -0.00841506 
-0.232085 -0.327416 0.0153236 
-0.23208 -0.327627 0.0390622 
-0.232075 -0.327838 0.0628008 
-0.231542 -0.303473 -0.00820454 
-0.231537 -0.303684 0.0155341 
-0.231532 -0.303895 0.0392727 
-0.231527 -0.304105 0.0630113 
-0.230994 -0.279741 -0.00799402 
-0.23099 -0.279952 0.0157446 
-0.230985 -0.280162 0.0394832 
-0.23098 -0.280373 0.0632218 
-0.230442 -0.256219 0.0159551 
-0.230437 -0.25643 0.0396937 
-0.230432 -0.256641 0.0634323 
-0.229889 -0.232698 0.0399042 
-0.229885 -0.232908 0.0636429 
-0.211089 -0.446625 0.0142612 
-0.211084 -0.446836 0.0379998 
-0.210542 -0.422893 0.0144717 
-0.210537 -0.423104 0.0382103 
-0.210532 -0.423314 0.0619489 
-0.209999 -0.39895 -0.0090564 
-0.209994 -0.399161 0.0146822 
-0.209989 -0.399371 0.0384208 
-0.209984 -0.399582 0.0621595 
-0.209452 -0.375218 -0.00884589 
-0.209447 -0.375428 0.0148927 
-0.209442 -0.375639 0.0386313 
-0.209437 -0.37585 0.06237 
-0.208909 -0.351275 -0.032374 
-0.208904 -0.351485 -0.00863537 
-0.208899 -0.351696 0.0151032 
-0.208894 -0.351907 0.0388419 
-0.208889 -0.352117 0.0625805 
-0.208356 -0.327753 -0.00842486 
-0.208351 -0.327964 0.0153138 
-0.208346 -0.328174 0.0390524 
-0.208342 -0.328385 0.062791 
-0.207809 -0.304021 -0.00821434 
-0.207804 -0.304231 0.0155243 
-0.207799 -0.304442 0.0392629 
-0.207794 -0.304653 0.0630015 
-0.207261 -0.280288 -0.00800382 
-0.207256 -0.280499 0.0157348 
-0.207251 -0.28071 0.0394734 
-0.207246 -0.280921 0.063212 
-0.206709 -0.256767 0.0159453 
-0.206704 -0.256978 0.0396839 
-0.206699 -0.257188 0.0634225 
-0.206156 -0.233245 0.0398944 
-0.206151 -0.233456 0.0636331 
-0.186808 -0.42344 0.0144619 
-0.186804 -0.423651 0.0382005 
-0.186266 -0.399498 -0.0090662 
-0.186261 -0.399708 0.0146724 
-0.186256 -0.399919 0.038411 
-0.186251 -0.40013 0.0621497 
-0.185718 -0.375765 -0.00885569 
-0.185713 -0.375976 0.0148829 
-0.185708 -0.376187 0.0386215 
-0.185703 -0.376397 0.0623602 
-0.185171 -0.352033 -0.00864517 
-0.185166 -0.352244 0.0150934 
-0.185161 -0.352454 0.0388321 
-0.185156 -0.352665 0.0625707 
-0.184623 -0.328301 -0.00843466 
-0.184618 -0.328511 0.015304 
-0.184613 -0.328722 0.0390426 
-0.184608 -0.328933 0.0627812 
-0.184076 -0.304568 -0.00822414 
-0.184071 -0.304779 0.0155145 
-0.184066 -0.30499 0.0392531 
-0.184061 -0.3052 0.0629917 
-0.183523 -0.281047 0.015725 
-0.183518 -0.281257 0.0394636 
-0.183513 -0.281468 0.0632022 
-0.182975 -0.257314 0.0159355 
-0.182971 -0.257525 0.0396741 
-0.182966 -0.257736 0.0634127 
-0.182423 -0.233793 0.0398846 
-0.182418 -0.234003 0.0636233 
-0.162533 -0.400045 -0.009076 
-0.162528 -0.400256 0.0146626 
-0.162523 -0.400466 0.0384012 
-0.161985 -0.376313 -0.00886549 
-0.16198 -0.376523 0.0148731 
-0.161975 -0.376734 0.0386117 
-0.16197 -0.376945 0.0623504 
-0.161437 -0.35258 -0.00865497 
-0.161433 -0.352791 0.0150836 
-0.161428 -0.353002 0.0388223 
-0.161423 -0.353212 0.0625609 
-0.16089 -0.328848 -0.00844446 
-0.160885 -0.329059 0.0152942 
-0.16088 -0.329269 0.0390328 
-0.160875 -0.32948 0.0627714 
-0.160342 -0.305116 -0.00823394 
-0.160337 -0.305326 0.0155047 
-0.160332 -0.305537 0.0392433 
-0.160328 -0.305748 0.0629819 
-0.15979 -0.281594 0.0157152 
-0.159785 -0.281805 0.0394538 
-0.15978 -0.282016 0.0631924 
-0.159242 -0.257862 0.0159257 
-0.159237 -0.258073 0.0396643 
-0.159232 -0.258283 0.0634029 
-0.15869 -0.23434 0.0398748 
-0.158685 -0.234551 0.0636135 
-0.138794 -0.400803 0.0146528 
-0.138247 -0.377071 0.0148633 
-0.138242 -0.377282 0.0386019 
-0.137704 -0.353128 -0.00866477 
-0.137699 -0.353339 0.0150738 
-0.137694 -0.353549 0.0388125 
-0.137157 -0.329396 -0.00845426 
-0.137152 -0.329606 0.0152844 
-0.137147 -0.329817 0.039023 
-0.137142 -0.330028 0.0627616 
-0.136604 -0.305874 0.0154949 
-0.136599 -0.306085 0.0392335 
-0.136594 -0.306295 0.0629721 
-0.136057 -0.282142 0.0157054 
-0.136052 -0.282352 0.039444 
-0.136047 -0.282563 0.0631826 
-0.135504 -0.25862 0.0396545 
-0.135499 -0.258831 0.0633931 
-0.134957 -0.234888 0.039865 
-0.114514 -0.377618 0.0148535 
-0.113971 -0.353675 -0.00867457 
-0.113966 -0.353886 0.015064 
-0.113961 -0.354097 0.0388027 
-0.113423 -0.329943 -0.00846406 
-0.113418 -0.330154 0.0152746 
-0.113414 -0.330364 0.0390132 
-0.112876 -0.306211 -0.00825354 
-0.112871 -0.306421 0.0154851 
-0.112866 -0.306632 0.0392237 
-0.112861 -0.306843 0.0629623 
-0.112323 -0.282689 0.0156956 
-0.112318 -0.2829 0.0394342 
-0.112313 -0.283111 0.0631728 
-0.111771 -0.259168 0.0396447 
-0.103533 0.0957636 0.161496 
-0.102985 0.119496 0.161706 
-0.0902328 -0.354434 0.0150542 
-0.0902279 -0.354644 0.0387929 
-0.0896853 -0.330701 0.0152648 
-0.0896803 -0.330912 0.0390034 
-0.0891377 -0.306969 0.0154753 
-0.0891327 -0.30718 0.0392139 
-0.0885901 -0.283237 0.0156858 
-0.0885852 -0.283447 0.0394244 
-0.0798043 0.0954268 0.137747 
-0.0797993 0.0952161 0.161486 
-0.0792518 0.118948 0.161696 
-0.0787042 0.142681 0.161907 
-0.0781566 0.166413 0.162117 
-0.0664996 -0.354981 0.0150444 
-0.065952 -0.331249 0.015255 
-0.0659471 -0.331459 0.0389936 
-0.0654044 -0.307516 0.0154655 
-0.0653995 -0.307727 0.0392041 
-0.0560711 0.0948793 0.137737 
-0.0560661 0.0946686 0.161476 
-0.0555185 0.118401 0.161686 
-0.054971 0.142133 0.161897 
-0.0544234 0.165865 0.162108 
-0.0323378 0.0943318 0.137728 
-0.0317853 0.117853 0.161677 
-0.0312377 0.141586 0.161887 
-0.0306902 0.165318 0.162098 
0.217189 -0.408384 -0.05671 
0.217737 -0.384651 -0.0564995 
0.218284 -0.360919 -0.056289 
0.24147 -0.385199 -0.0565093 
0.242018 -0.361467 -0.0562988 
0.242023 -0.361677 -0.0325602 
0.242565 -0.337734 -0.0560883 
0.24257 -0.337945 -0.0323497 
0.265203 -0.385746 -0.0565191 
0.265751 -0.362014 -0.0563086 
0.265756 -0.362225 -0.03257 
0.266298 -0.338282 -0.0560981 
0.266303 -0.338492 -0.0323595 
0.266846 -0.314549 -0.0558876 
0.266851 -0.31476 -0.032149 
0.289484 -0.362562 -0.0563184 
0.289489 -0.362772 -0.0325798 
0.290032 -0.338829 -0.0561079 
0.290037 -0.33904 -0.0323693 
0.290579 -0.315097 -0.0558974 
0.290584 -0.315308 -0.0321588 
0.291132 -0.291575 -0.0319482 
0.313765 -0.339377 -0.0561177 
0.31377 -0.339587 -0.0323791 
0.314313 -0.315645 -0.0559072 
0.314317 -0.315855 -0.0321686 
0.314865 -0.292123 -0.031958 
0.338051 -0.316403 -0.0321784 
0.338598 -0.29267 -0.0319678 
0.45836 -0.247943 -0.0315958 
0.482093 -0.248491 -0.0316056 
0.48264 -0.224758 -0.0313951 
0.505826 -0.249038 -0.0316154 
0.506374 -0.225306 -0.0314049 
0.506379 -0.225517 -0.00766628 
0.506921 -0.201574 -0.0311944 
0.529559 -0.249586 -0.0316252 
0.530102 -0.225643 -0.0551533 
0.530107 -0.225854 -0.0314147 
0.530112 -0.226064 -0.00767608 
0.53065 -0.201911 -0.0549428 
0.530654 -0.202121 -0.0312042 
0.530659 -0.202332 -0.00746556 
0.531202 -0.178389 -0.0309937 
0.531207 -0.1786 -0.00725505 
0.55384 -0.226401 -0.0314245 
0.553845 -0.226612 -0.00768588 
0.554383 -0.202458 -0.0549526 
0.554388 -0.202669 -0.031214 
0.554393 -0.202879 -0.00747536 
0.55493 -0.178726 -0.0547421 
0.554935 -0.178936 -0.0310035 
0.55494 -0.179147 -0.00726485 
0.555483 -0.155204 -0.0307929 
0.555488 -0.155415 -0.00705433 
0.572443 0.581129 -0.0954828 
0.57299 0.604862 -0.0952723 
0.572995 0.604651 -0.0715337 
0.573538 0.628594 -0.0950618 
0.573543 0.628383 -0.0713232 
0.577573 -0.226949 -0.0314343 
0.577578 -0.227159 -0.00769568 
0.578116 -0.203006 -0.0549624 
0.578121 -0.203216 -0.0312238 
0.578126 -0.203427 -0.00748516 
0.578664 -0.179273 -0.0547519 
0.578669 -0.179484 -0.0310133 
0.578673 -0.179695 -0.00727465 
0.579211 -0.155541 -0.0545414 
0.579216 -0.155752 -0.0308027 
0.579221 -0.155962 -0.00706413 
0.579764 -0.132019 -0.0305922 
0.59402 0.484178 0.0698357 
0.594025 0.483967 0.0935743 
0.594568 0.50791 0.0700462 
0.594573 0.507699 0.0937848 
0.59511 0.531853 0.0465181 
0.595115 0.531642 0.0702567 
0.59512 0.531432 0.0939953 
0.595628 0.55685 -0.0957031 
0.595658 0.555585 0.0467286 
0.595663 0.555375 0.0704672 
0.595668 0.555164 0.0942058 
0.596171 0.580793 -0.119231 
0.596176 0.580582 -0.0954926 
0.596181 0.580371 -0.071754 
0.596206 0.579318 0.0469391 
0.596211 0.579107 0.0706777 
0.596215 0.578896 0.0944163 
0.596719 0.604525 -0.119021 
0.596723 0.604314 -0.0952821 
0.596728 0.604104 -0.0715435 
0.596753 0.60305 0.0471496 
0.596758 0.602839 0.0708882 
0.596763 0.602629 0.0946269 
0.597266 0.628257 -0.11881 
0.597271 0.628047 -0.0950716 
0.597276 0.627836 -0.071333 
0.597306 0.626572 0.0710988 
0.597819 0.651779 -0.0948611 
0.597824 0.651568 -0.0711224 
0.598366 0.675511 -0.0946505 
0.598371 0.6753 -0.0709119 
0.601307 -0.227496 -0.0314441 
0.601854 -0.203764 -0.0312336 
0.601859 -0.203974 -0.00749496 
0.602397 -0.179821 -0.0547617 
0.602402 -0.180031 -0.0310231 
0.602407 -0.180242 -0.00728445 
0.602944 -0.156088 -0.0545512 
0.602949 -0.156299 -0.0308125 
0.602954 -0.15651 -0.00707393 
0.603497 -0.132567 -0.030602 
0.603502 -0.132777 -0.00686341 
0.604044 -0.108834 -0.0303915 
0.617206 0.459898 0.0696153 
0.617211 0.459687 0.093354 
0.617753 0.48363 0.0698259 
0.617758 0.48342 0.0935645 
0.618301 0.507363 0.0700364 
0.618306 0.507152 0.093775 
0.618814 0.53257 -0.0959234 
0.618844 0.531306 0.0465083 
0.618849 0.531095 0.0702469 
0.618854 0.530884 0.0939855 
0.619357 0.556513 -0.119452 
0.619362 0.556302 -0.0957129 
0.619367 0.556091 -0.0719743 
0.619391 0.555038 0.0467188 
0.619396 0.554827 0.0704574 
0.619401 0.554617 0.094196 
0.619904 0.580245 -0.119241 
0.619909 0.580034 -0.0955024 
0.619914 0.579824 -0.0717638 
0.619939 0.57877 0.0469293 
0.619944 0.57856 0.0706679 
0.619949 0.578349 0.0944065 
0.620452 0.603977 -0.119031 
0.620457 0.603767 -0.0952919 
0.620462 0.603556 -0.0715533 
0.620486 0.602503 0.0471398 
0.620491 0.602292 0.0708784 
0.620496 0.602081 0.0946171 
0.620999 0.62771 -0.11882 
0.621004 0.627499 -0.0950814 
0.621009 0.627288 -0.0713428 
0.621034 0.626235 0.0473503 
0.621039 0.626024 0.071089 
0.621044 0.625814 0.0948276 
0.621547 0.651442 -0.118609 
0.621552 0.651231 -0.0948709 
0.621557 0.651021 -0.0711322 
0.621562 0.65081 -0.0473936 
0.621582 0.649967 0.0475609 
0.621586 0.649757 0.0712995 
0.621591 0.649546 0.0950381 
0.622094 0.675174 -0.118399 
0.622099 0.674964 -0.0946603 
0.622104 0.674753 -0.0709217 
0.622109 0.674542 -0.0471831 
0.622647 0.698696 -0.0944498 
0.622652 0.698485 -0.0707112 
0.622657 0.698275 -0.0469726 
0.6232 0.722218 -0.0705007 
0.625587 -0.204311 -0.0312434 
0.625592 -0.204522 -0.00750476 
0.62613 -0.180368 -0.0547715 
0.626135 -0.180579 -0.0310329 
0.62614 -0.18079 -0.00729425 
0.626678 -0.156636 -0.054561 
0.626683 -0.156847 -0.0308223 
0.626687 -0.157057 -0.00708373 
0.627225 -0.132904 -0.0543505 
0.62723 -0.133114 -0.0306118 
0.627235 -0.133325 -0.00687321 
0.627778 -0.109382 -0.0304013 
0.627783 -0.109593 -0.0066627 
0.640392 0.435618 0.069395 
0.640397 0.435408 0.0931336 
0.640939 0.459351 0.0696055 
0.640944 0.45914 0.0933442 
0.641482 0.483294 0.0460774 
0.641487 0.483083 0.0698161 
0.641492 0.482872 0.0935547 
0.641497 0.482661 0.117293 
0.642029 0.507026 0.046288 
0.642034 0.506815 0.0700266 
0.642039 0.506604 0.0937652 
0.642044 0.506394 0.117504 
0.642547 0.532022 -0.0959332 
0.642577 0.530758 0.0464985 
0.642582 0.530547 0.0702371 
0.642587 0.530337 0.0939757 
0.642592 0.530126 0.117714 
0.64309 0.555965 -0.119461 
0.643095 0.555755 -0.0957227 
0.6431 0.555544 -0.0719841 
0.643124 0.55449 0.046709 
0.643129 0.55428 0.0704476 
0.643134 0.554069 0.0941862 
0.643139 0.553858 0.117925 
0.643637 0.579698 -0.119251 
0.643642 0.579487 -0.0955122 
0.643647 0.579276 -0.0717736 
0.643672 0.578223 0.0469195 
0.643677 0.578012 0.0706581 
0.643682 0.577801 0.0943967 
0.644185 0.60343 -0.11904 
0.64419 0.603219 -0.0953017 
0.644195 0.603009 -0.0715631 
0.64422 0.601955 0.04713 
0.644225 0.601744 0.0708686 
0.644229 0.601534 0.0946073 
0.644733 0.627162 -0.11883 
0.644738 0.626952 -0.0950912 
0.644742 0.626741 -0.0713526 
0.644747 0.62653 -0.0476139 
0.644767 0.625687 0.0473405 
0.644772 0.625477 0.0710792 
0.644777 0.625266 0.0948178 
0.64528 0.650894 -0.118619 
0.645285 0.650684 -0.0948807 
0.64529 0.650473 -0.071142 
0.645295 0.650262 -0.0474034 
0.645315 0.64942 0.0475511 
0.64532 0.649209 0.0712897 
0.645325 0.648998 0.0950283 
0.645828 0.674627 -0.118409 
0.645833 0.674416 -0.0946701 
0.645838 0.674205 -0.0709315 
0.645843 0.673995 -0.0471929 
0.645862 0.673152 0.0477616 
0.645867 0.672941 0.0715002 
0.645872 0.672731 0.0952388 
0.646375 0.698359 -0.118198 
0.64638 0.698148 -0.0944596 
0.646385 0.697938 -0.070721 
0.64639 0.697727 -0.0469824 
0.64641 0.696884 0.0479721 
0.646415 0.696674 0.0717107 
0.64642 0.696463 0.0954493 
0.646928 0.721881 -0.0942491 
0.646933 0.72167 -0.0705105 
0.646938 0.721459 -0.0467719 
0.64748 0.745402 -0.0703 
0.649868 -0.181126 -0.0310427 
0.649873 -0.181337 -0.00730405 
0.650411 -0.157183 -0.0545708 
0.650416 -0.157394 -0.0308321 
0.650421 -0.157605 -0.00709353 
0.650958 -0.133451 -0.0543603 
0.650963 -0.133662 -0.0306216 
0.650968 -0.133872 -0.00688301 
0.651506 -0.109719 -0.0541497 
0.651511 -0.10993 -0.0304111 
0.651516 -0.11014 -0.0066725 
0.664125 0.435071 0.0693852 
0.66413 0.43486 0.0931238 
0.664672 0.458803 0.0695957 
0.664677 0.458592 0.0933344 
0.665215 0.482746 0.0460676 
0.66522 0.482535 0.0698063 
0.665225 0.482325 0.0935449 
0.66523 0.482114 0.117283 
0.665763 0.506478 0.0462782 
0.665768 0.506268 0.0700168 
0.665772 0.506057 0.0937554 
0.665777 0.505846 0.117494 
0.66628 0.531475 -0.095943 
0.66631 0.530211 0.0464887 
0.666315 0.53 0.0702273 
0.66632 0.529789 0.0939659 
0.666325 0.529579 0.117705 
0.666823 0.555418 -0.119471 
0.666828 0.555207 -0.0957325 
0.666858 0.553943 0.0466992 
0.666863 0.553732 0.0704378 
0.666868 0.553522 0.0941764 
0.666873 0.553311 0.117915 
0.667371 0.57915 -0.119261 
0.667376 0.578939 -0.095522 
0.667381 0.578729 -0.0717834 
0.667405 0.577675 0.0469097 
0.66741 0.577465 0.0706483 
0.667415 0.577254 0.0943869 
0.66742 0.577043 0.118126 
0.667918 0.602882 -0.11905 
0.667923 0.602672 -0.0953115 
0.667928 0.602461 -0.0715729 
0.667953 0.601408 0.0471202 
0.667958 0.601197 0.0708588 
0.667963 0.600986 0.0945975 
0.668466 0.626615 -0.11884 
0.668471 0.626404 -0.095101 
0.668476 0.626193 -0.0713624 
0.668481 0.625983 -0.0476237 
0.6685 0.62514 0.0473307 
0.668505 0.624929 0.0710694 
0.66851 0.624719 0.094808 
0.669013 0.650347 -0.118629 
0.669018 0.650136 -0.0948905 
0.669023 0.649926 -0.0711518 
0.669028 0.649715 -0.0474132 
0.669048 0.648872 0.0475413 
0.669053 0.648661 0.0712799 
0.669058 0.648451 0.0950185 
0.669561 0.674079 -0.118419 
0.669566 0.673869 -0.0946799 
0.669571 0.673658 -0.0709413 
0.669576 0.673447 -0.0472027 
0.669596 0.672604 0.0477518 
0.6696 0.672394 0.0714904 
0.669605 0.672183 0.095229 
0.670109 0.697812 -0.118208 
0.670113 0.697601 -0.0944694 
0.670118 0.69739 -0.0707308 
0.670123 0.69718 -0.0469922 
0.670143 0.696337 0.0479623 
0.670148 0.696126 0.0717009 
0.670153 0.695915 0.0954395 
0.670661 0.721333 -0.0942589 
0.670666 0.721123 -0.0705203 
0.670671 0.720912 -0.0467817 
0.670691 0.720069 0.0481728 
0.670696 0.719858 0.0719114 
0.671209 0.745066 -0.0940484 
0.671214 0.744855 -0.0703098 
0.671218 0.744644 -0.0465712 
0.671238 0.743801 0.0483833 
0.671243 0.743591 0.0721219 
0.674149 -0.157942 -0.0308419 
0.674154 -0.158152 -0.00710333 
0.674692 -0.133999 -0.0543701 
0.674697 -0.134209 -0.0306314 
0.674702 -0.13442 -0.00689281 
0.675239 -0.110266 -0.0541595 
0.675244 -0.110477 -0.0304209 
0.675249 -0.110688 -0.0066823 
0.675792 -0.0867447 -0.0302104 
0.687858 0.434523 0.0693754 
0.687863 0.434313 0.093114 
0.688406 0.458256 0.0695859 
0.688411 0.458045 0.0933246 
0.688948 0.482199 0.0460578 
0.688953 0.481988 0.0697965 
0.688958 0.481777 0.0935351 
0.688963 0.481566 0.117274 
0.689496 0.505931 0.0462684 
0.689501 0.50572 0.070007 
0.689506 0.505509 0.0937456 
0.689511 0.505299 0.117484 
0.690043 0.529663 0.0464789 
0.690048 0.529452 0.0702175 
0.690053 0.529242 0.0939561 
0.690058 0.529031 0.117695 
0.690556 0.55487 -0.119481 
0.690561 0.55466 -0.0957423 
0.690591 0.553395 0.0466894 
0.690596 0.553185 0.070428 
0.690601 0.552974 0.0941666 
0.690606 0.552763 0.117905 
0.691104 0.578603 -0.11927 
0.691109 0.578392 -0.0955318 
0.691114 0.578181 -0.0717932 
0.691139 0.577128 0.0468999 
0.691143 0.576917 0.0706385 
0.691148 0.576706 0.0943771 
0.691153 0.576496 0.118116 
0.691651 0.602335 -0.11906 
0.691656 0.602124 -0.0953213 
0.691661 0.601914 -0.0715827 
0.691681 0.601071 0.0233718 
0.691686 0.60086 0.0471104 
0.691691 0.600649 0.070849 
0.691696 0.600439 0.0945877 
0.692199 0.626067 -0.118849 
0.692204 0.625856 -0.0951108 
0.692209 0.625646 -0.0713722 
0.692214 0.625435 -0.0476335 
0.692229 0.624803 0.0235823 
0.692234 0.624592 0.0473209 
0.692239 0.624382 0.0710596 
0.692244 0.624171 0.0947982 
0.692747 0.649799 -0.118639 
0.692752 0.649589 -0.0949003 
0.692757 0.649378 -0.0711616 
0.692761 0.649167 -0.047423 
0.692776 0.648535 0.0237928 
0.692781 0.648325 0.0475315 
0.692786 0.648114 0.0712701 
0.692791 0.647903 0.0950087 
0.693294 0.673532 -0.118428 
0.693299 0.673321 -0.0946897 
0.693304 0.67311 -0.0709511 
0.693309 0.6729 -0.0472125 
0.693324 0.672268 0.0240033 
0.693329 0.672057 0.047742 
0.693334 0.671846 0.0714806 
0.693339 0.671636 0.0952192 
0.693842 0.697264 -0.118218 
0.693847 0.697053 -0.0944792 
0.693852 0.696843 -0.0707406 
0.693857 0.696632 -0.047002 
0.693871 0.696 0.0242139 
0.693876 0.695789 0.0479525 
0.693881 0.695579 0.0716911 
0.693886 0.695368 0.0954297 
0.694389 0.720996 -0.118007 
0.694394 0.720786 -0.0942687 
0.694399 0.720575 -0.0705301 
0.694404 0.720364 -0.0467915 
0.694424 0.719522 0.048163 
0.694429 0.719311 0.0719016 
0.694434 0.7191 0.0956402 
0.694942 0.744518 -0.0940582 
0.694947 0.744307 -0.0703196 
0.694952 0.744097 -0.046581 
0.694972 0.743254 0.0483735 
0.694976 0.743043 0.0721121 
0.694981 0.742833 0.0958508 
0.695494 0.76804 -0.0701091 
0.69843 -0.134757 -0.0306412 
0.698435 -0.134968 -0.00690261 
0.698972 -0.110814 -0.0541693 
0.698977 -0.111025 -0.0304307 
0.698982 -0.111235 -0.0066921 
0.698987 -0.111446 0.0170465 
0.699525 -0.0872922 -0.0302202 
0.69953 -0.0875029 -0.00648158 
0.711591 0.433976 0.0693656 
0.711596 0.433765 0.0931042 
0.712139 0.457708 0.0695761 
0.712144 0.457497 0.0933148 
0.712681 0.481651 0.046048 
0.712686 0.48144 0.0697867 
0.712691 0.48123 0.0935253 
0.713229 0.505383 0.0462586 
0.713234 0.505173 0.0699972 
0.713239 0.504962 0.0937358 
0.713777 0.529116 0.0464691 
0.713782 0.528905 0.0702077 
0.713786 0.528694 0.0939463 
0.713791 0.528484 0.117685 
0.714324 0.552848 0.0466796 
0.714329 0.552637 0.0704182 
0.714334 0.552427 0.0941568 
0.714339 0.552216 0.117895 
0.714837 0.578055 -0.11928 
0.714842 0.577844 -0.0955416 
0.714847 0.577634 -0.071803 
0.714872 0.57658 0.0468901 
0.714877 0.57637 0.0706287 
0.714882 0.576159 0.0943673 
0.715385 0.601787 -0.11907 
0.71539 0.601577 -0.0953311 
0.715395 0.601366 -0.0715925 
0.715414 0.600523 0.023362 
0.715419 0.600313 0.0471006 
0.715424 0.600102 0.0708392 
0.715429 0.599891 0.0945779 
0.715932 0.62552 -0.118859 
0.715937 0.625309 -0.0951206 
0.715942 0.625098 -0.071382 
0.715947 0.624888 -0.0476433 
0.715962 0.624256 0.0235725 
0.715967 0.624045 0.0473111 
0.715972 0.623834 0.0710498 
0.715977 0.623623 0.0947884 
0.71648 0.649252 -0.118649 
0.716485 0.649041 -0.0949101 
0.71649 0.648831 -0.0711714 
0.716495 0.64862 -0.0474328 
0.71651 0.647988 0.023783 
0.716514 0.647777 0.0475217 
0.716519 0.647566 0.0712603 
0.716524 0.647356 0.0949989 
0.717027 0.672984 -0.118438 
0.717032 0.672774 -0.0946995 
0.717037 0.672563 -0.0709609 
0.717042 0.672352 -0.0472223 
0.717057 0.67172 0.0239935 
0.717062 0.671509 0.0477322 
0.717067 0.671299 0.0714708 
0.717072 0.671088 0.0952094 
0.717575 0.696717 -0.118228 
0.71758 0.696506 -0.094489 
0.717585 0.696295 -0.0707504 
0.71759 0.696085 -0.0470118 
0.717605 0.695452 0.0242041 
0.71761 0.695242 0.0479427 
0.717615 0.695031 0.0716813 
0.717619 0.69482 0.0954199 
0.718123 0.720449 -0.118017 
0.718128 0.720238 -0.0942785 
0.718132 0.720028 -0.0705399 
0.718137 0.719817 -0.0468013 
0.718152 0.719185 0.0244146 
0.718157 0.718974 0.0481532 
0.718162 0.718763 0.0718918 
0.718167 0.718553 0.0956304 
0.718675 0.743971 -0.094068 
0.71868 0.74376 -0.0703294 
0.718685 0.743549 -0.0465908 
0.718705 0.742706 0.0483637 
0.71871 0.742496 0.0721023 
0.718715 0.742285 0.095841 
0.719228 0.767492 -0.0701189 
0.722168 -0.135515 -0.00691241 
0.722711 -0.111572 -0.0304405 
0.722716 -0.111783 -0.0067019 
0.722721 -0.111993 0.0170367 
0.723258 -0.0878397 -0.03023 
0.723263 -0.0880504 -0.00649138 
0.723268 -0.0882611 0.0172472 
0.723806 -0.0641074 -0.0300195 
0.723811 -0.0643181 -0.00628087 
0.723816 -0.0645288 0.0174578 
0.735325 0.433428 0.0693558 
0.735329 0.433218 0.0930944 
0.735872 0.457161 0.0695663 
0.735877 0.45695 0.093305 
0.736415 0.481104 0.0460382 
0.73642 0.480893 0.0697769 
0.736425 0.480682 0.0935155 
0.736962 0.504836 0.0462488 
0.736967 0.504625 0.0699874 
0.736972 0.504414 0.093726 
0.73751 0.528568 0.0464593 
0.737515 0.528357 0.0701979 
0.73752 0.528147 0.0939365 
0.738057 0.5523 0.0466698 
0.738062 0.55209 0.0704084 
0.738067 0.551879 0.094147 
0.73857 0.577508 -0.11929 
0.738575 0.577297 -0.0955514 
0.738605 0.576033 0.0468803 
0.73861 0.575822 0.0706189 
0.738615 0.575611 0.0943575 
0.739118 0.60124 -0.11908 
0.739123 0.601029 -0.0953409 
0.739128 0.600818 -0.0716023 
0.739148 0.599976 0.0233522 
0.739153 0.599765 0.0470908 
0.739158 0.599554 0.0708294 
0.739162 0.599344 0.0945681 
0.739666 0.624972 -0.118869 
0.73967 0.624761 -0.0951304 
0.739675 0.624551 -0.0713918 
0.73968 0.62434 -0.0476531 
0.739695 0.623708 0.0235627 
0.7397 0.623497 0.0473013 
0.739705 0.623287 0.07104 
0.73971 0.623076 0.0947786 
0.740213 0.648704 -0.118658 
0.740218 0.648494 -0.0949199 
0.740223 0.648283 -0.0711812 
0.740228 0.648072 -0.0474426 
0.740243 0.64744 0.0237732 
0.740248 0.64723 0.0475119 
0.740253 0.647019 0.0712505 
0.740258 0.646808 0.0949891 
0.740761 0.672437 -0.118448 
0.740766 0.672226 -0.0947093 
0.740771 0.672015 -0.0709707 
0.740776 0.671805 -0.0472321 
0.74079 0.671173 0.0239837 
0.740795 0.670962 0.0477224 
0.7408 0.670751 0.071461 
0.740805 0.670541 0.0951996 
0.741308 0.696169 -0.118237 
0.741313 0.695958 -0.0944988 
0.741318 0.695748 -0.0707602 
0.741323 0.695537 -0.0470216 
0.741338 0.694905 0.0241943 
0.741343 0.694694 0.0479329 
0.741348 0.694484 0.0716715 
0.741353 0.694273 0.0954101 
0.741856 0.719901 -0.118027 
0.741861 0.719691 -0.0942883 
0.741866 0.71948 -0.0705497 
0.741871 0.719269 -0.0468111 
0.741885 0.718637 0.0244048 
0.74189 0.718427 0.0481434 
0.741895 0.718216 0.071882 
0.7419 0.718005 0.0956206 
0.742408 0.743423 -0.0940778 
0.742413 0.743212 -0.0703392 
0.742418 0.743002 -0.0466006 
0.742433 0.74237 0.0246153 
0.742438 0.742159 0.0483539 
0.742443 0.741948 0.0720925 
0.742448 0.741738 0.0958312 
0.742961 0.766945 -0.0701287 
0.742986 0.765891 0.0485644 
0.74299 0.765681 0.0723031 
0.746444 -0.11212 -0.0304503 
0.746449 -0.11233 -0.0067117 
0.746454 -0.112541 0.0170269 
0.746991 -0.0883872 -0.0302398 
0.746996 -0.0885979 -0.00650118 
0.747001 -0.0888086 0.0172374 
0.747539 -0.0646549 -0.0300293 
0.747544 -0.0648656 -0.00629067 
0.747549 -0.0650763 0.017448 
0.748096 -0.041344 0.0176585 
0.759605 0.456613 0.0695565 
0.75961 0.456402 0.0932952 
0.760148 0.480556 0.0460284 
0.760153 0.480345 0.0697671 
0.760158 0.480135 0.0935057 
0.760696 0.504288 0.046239 
0.7607 0.504078 0.0699776 
0.760705 0.503867 0.0937162 
0.761243 0.528021 0.0464495 
0.761248 0.52781 0.0701881 
0.761253 0.527599 0.0939267 
0.761791 0.551753 0.04666 
0.761796 0.551542 0.0703986 
0.761801 0.551332 0.0941372 
0.762304 0.57696 -0.1193 
0.762309 0.576749 -0.0955612 
0.762338 0.575485 0.0468705 
0.762343 0.575275 0.0706091 
0.762348 0.575064 0.0943477 
0.762851 0.600692 -0.119089 
0.762856 0.600482 -0.0953507 
0.762861 0.600271 -0.0716121 
0.762881 0.599428 0.0233424 
0.762886 0.599218 0.047081 
0.762891 0.599007 0.0708196 
0.762896 0.598796 0.0945583 
0.763399 0.624425 -0.118879 
0.763404 0.624214 -0.0951402 
0.763409 0.624003 -0.0714016 
0.763414 0.623793 -0.0476629 
0.763428 0.623161 0.0235529 
0.763433 0.62295 0.0472915 
0.763438 0.622739 0.0710302 
0.763443 0.622528 0.0947688 
0.763946 0.648157 -0.118668 
0.763951 0.647946 -0.0949297 
0.763956 0.647736 -0.071191 
0.763961 0.647525 -0.0474524 
0.763976 0.646893 0.0237634 
0.763981 0.646682 0.0475021 
0.763986 0.646471 0.0712407 
0.763991 0.646261 0.0949793 
0.764494 0.671889 -0.118458 
0.764499 0.671679 -0.0947191 
0.764504 0.671468 -0.0709805 
0.764509 0.671257 -0.0472419 
0.764524 0.670625 0.0239739 
0.764529 0.670414 0.0477126 
0.764533 0.670204 0.0714512 
0.764538 0.669993 0.0951898 
0.765041 0.695622 -0.118247 
0.765046 0.695411 -0.0945086 
0.765051 0.6952 -0.07077 
0.765056 0.69499 -0.0470314 
0.765071 0.694357 0.0241845 
0.765076 0.694147 0.0479231 
0.765081 0.693936 0.0716617 
0.765086 0.693725 0.0954003 
0.765589 0.719354 -0.118037 
0.765594 0.719143 -0.0942981 
0.765599 0.718933 -0.0705595 
0.765604 0.718722 -0.0468209 
0.765619 0.71809 0.024395 
0.765624 0.717879 0.0481336 
0.765629 0.717668 0.0718722 
0.765634 0.717458 0.0956108 
0.766142 0.742876 -0.0940876 
0.766147 0.742665 -0.070349 
0.766151 0.742454 -0.0466104 
0.766166 0.741822 0.0246055 
0.766171 0.741611 0.0483441 
0.766176 0.741401 0.0720827 
0.766181 0.74119 0.0958214 
0.766694 0.766397 -0.0701385 
0.766724 0.765133 0.0722933 
0.770182 -0.112878 -0.0067215 
0.770187 -0.113088 0.0170171 
0.770725 -0.0889347 -0.0302496 
0.77073 -0.0891454 -0.00651098 
0.770735 -0.0893561 0.0172276 
0.771272 -0.0652024 -0.0300391 
0.771277 -0.0654131 -0.00630047 
0.771282 -0.0656238 0.0174382 
0.771825 -0.0416808 -0.00608995 
0.77183 -0.0418915 0.0176487 
0.783886 0.479798 0.0697573 
0.783891 0.479587 0.0934959 
0.784434 0.50353 0.0699678 
0.784981 0.527262 0.0701783 
0.784986 0.527052 0.0939169 
0.785529 0.550995 0.0703888 
0.785534 0.550784 0.0941274 
0.786042 0.576202 -0.095571 
0.786071 0.574938 0.0468607 
0.786076 0.574727 0.0705993 
0.786081 0.574516 0.0943379 
0.786584 0.600145 -0.119099 
0.786589 0.599934 -0.0953605 
0.786594 0.599723 -0.0716219 
0.786619 0.59867 0.0470712 
0.786624 0.598459 0.0708098 
0.786629 0.598249 0.0945485 
0.787132 0.623877 -0.118889 
0.787137 0.623666 -0.09515 
0.787142 0.623456 -0.0714114 
0.787147 0.623245 -0.0476727 
0.787162 0.622613 0.0235431 
0.787167 0.622402 0.0472817 
0.787172 0.622192 0.0710204 
0.787176 0.621981 0.094759 
0.78768 0.647609 -0.118678 
0.787685 0.647399 -0.0949395 
0.787689 0.647188 -0.0712008 
0.787694 0.646977 -0.0474622 
0.787709 0.646345 0.0237536 
0.787714 0.646135 0.0474923 
0.787719 0.645924 0.0712309 
0.787724 0.645713 0.0949695 
0.788227 0.671342 -0.118468 
0.788232 0.671131 -0.0947289 
0.788237 0.67092 -0.0709903 
0.788242 0.67071 -0.0472517 
0.788257 0.670078 0.0239641 
0.788262 0.669867 0.0477028 
0.788267 0.669656 0.0714414 
0.788272 0.669446 0.09518 
0.788775 0.695074 -0.118257 
0.78878 0.694863 -0.0945184 
0.788785 0.694653 -0.0707798 
0.78879 0.694442 -0.0470412 
0.788804 0.69381 0.0241747 
0.788809 0.693599 0.0479133 
0.788814 0.693389 0.0716519 
0.788819 0.693178 0.0953905 
0.789322 0.718806 -0.118047 
0.789327 0.718596 -0.0943079 
0.789332 0.718385 -0.0705693 
0.789337 0.718174 -0.0468307 
0.789352 0.717542 0.0243852 
0.789357 0.717332 0.0481238 
0.789362 0.717121 0.0718624 
0.789367 0.71691 0.095601 
0.789875 0.742328 -0.0940974 
0.78988 0.742117 -0.0703588 
0.7899 0.741275 0.0245957 
0.789904 0.741064 0.0483343 
0.789909 0.740853 0.0720729 
0.789914 0.740643 0.0958116 
0.790427 0.76585 -0.0701483 
0.793915 -0.113425 -0.0067313 
0.79392 -0.113636 0.0170073 
0.794458 -0.0894822 -0.0302594 
0.794463 -0.0896929 -0.00652078 
0.794468 -0.0899036 0.0172178 
0.795005 -0.0657499 -0.0300489 
0.79501 -0.0659606 -0.00631027 
0.795015 -0.0661713 0.0174284 
0.795553 -0.0420176 -0.0298384 
0.795558 -0.0422283 -0.00609975 
0.795563 -0.042439 0.0176389 
0.796106 -0.018496 -0.00588923 
0.796111 -0.0187067 0.0178494 
0.807619 0.47925 0.0697475 
0.808167 0.502983 0.069958 
0.80868 0.52819 -0.0960018 
0.808715 0.526715 0.0701685 
0.808719 0.526504 0.0939071 
0.809227 0.551922 -0.0957913 
0.809262 0.550447 0.070379 
0.809267 0.550237 0.0941176 
0.80977 0.575865 -0.119319 
0.809775 0.575654 -0.0955808 
0.80978 0.575444 -0.0718422 
0.809805 0.57439 0.0468509 
0.80981 0.57418 0.0705895 
0.809815 0.573969 0.0943281 
0.810318 0.599597 -0.119109 
0.810323 0.599387 -0.0953703 
0.810328 0.599176 -0.0716317 
0.810352 0.598123 0.0470614 
0.810357 0.597912 0.0708 
0.810362 0.597701 0.0945387 
0.810865 0.62333 -0.118898 
0.81087 0.623119 -0.0951598 
0.810875 0.622908 -0.0714212 
0.81088 0.622698 -0.0476825 
0.810895 0.622066 0.0235333 
0.8109 0.621855 0.0472719 
0.810905 0.621644 0.0710106 
0.81091 0.621433 0.0947492 
0.811413 0.647062 -0.118688 
0.811418 0.646851 -0.0949493 
0.811423 0.646641 -0.0712106 
0.811428 0.64643 -0.047472 
0.811442 0.645798 0.0237438 
0.811447 0.645587 0.0474825 
0.811452 0.645376 0.0712211 
0.811457 0.645166 0.0949597 
0.81196 0.670794 -0.118477 
0.811965 0.670584 -0.0947387 
0.81197 0.670373 -0.0710001 
0.811975 0.670162 -0.0472615 
0.81199 0.66953 0.0239543 
0.811995 0.669319 0.047693 
0.812 0.669109 0.0714316 
0.812005 0.668898 0.0951702 
0.812508 0.694527 -0.118267 
0.812513 0.694316 -0.0945282 
0.812518 0.694105 -0.0707896 
0.812523 0.693895 -0.047051 
0.812538 0.693262 0.0241649 
0.812543 0.693052 0.0479035 
0.812547 0.692841 0.0716421 
0.812552 0.69263 0.0953807 
0.81306 0.718048 -0.0943177 
0.813065 0.717838 -0.0705791 
0.813085 0.716995 0.0243754 
0.81309 0.716784 0.048114 
0.813095 0.716573 0.0718526 
0.8131 0.716363 0.0955912 
0.813608 0.74178 -0.0941072 
0.813613 0.74157 -0.0703686 
0.813638 0.740516 0.0483245 
0.813643 0.740306 0.0720631 
0.818196 -0.0902404 -0.00653058 
0.818201 -0.0904511 0.017208 
0.818744 -0.0665081 -0.00632007 
0.818749 -0.0667188 0.0174186 
0.819291 -0.0427758 -0.00610955 
0.819296 -0.0429865 0.0176291 
0.819834 -0.0188328 -0.0296377 
0.819839 -0.0190435 -0.00589903 
0.819844 -0.0192542 0.0178396 
0.820377 0.00511017 -0.0531658 
0.820381 0.00489949 -0.0294271 
0.820386 0.0046888 -0.00568852 
0.820924 0.0288425 -0.0529552 
0.820929 0.0286318 -0.0292166 
0.832413 0.527642 -0.0960116 
0.832418 0.527432 -0.072273 
0.832448 0.526167 0.0701587 
0.832453 0.525957 0.0938973 
0.832956 0.551585 -0.11954 
0.832961 0.551375 -0.0958011 
0.832966 0.551164 -0.0720625 
0.832995 0.5499 0.0703692 
0.833 0.549689 0.0941078 
0.833503 0.575318 -0.119329 
0.833508 0.575107 -0.0955906 
0.833513 0.574896 -0.071852 
0.833543 0.573632 0.0705797 
0.833548 0.573421 0.0943183 
0.834051 0.59905 -0.119119 
0.834056 0.598839 -0.0953801 
0.834061 0.598628 -0.0716415 
0.834086 0.597575 0.0470516 
0.83409 0.597364 0.0707902 
0.834095 0.597154 0.0945289 
0.834598 0.622782 -0.118908 
0.834603 0.622571 -0.0951696 
0.834608 0.622361 -0.071431 
0.834613 0.62215 -0.0476923 
0.834633 0.621307 0.0472621 
0.834638 0.621097 0.0710008 
0.834643 0.620886 0.0947394 
0.835146 0.646514 -0.118698 
0.835151 0.646304 -0.0949591 
0.835156 0.646093 -0.0712204 
0.835161 0.645882 -0.0474818 
0.835176 0.64525 0.023734 
0.835181 0.64504 0.0474727 
0.835186 0.644829 0.0712113 
0.835191 0.644618 0.0949499 
0.835694 0.670247 -0.118487 
0.835699 0.670036 -0.0947485 
0.835704 0.669825 -0.0710099 
0.835708 0.669615 -0.0472713 
0.835723 0.668983 0.0239445 
0.835728 0.668772 0.0476832 
0.835733 0.668561 0.0714218 
0.835738 0.668351 0.0951604 
0.836241 0.693979 -0.118277 
0.836246 0.693768 -0.094538 
0.836251 0.693558 -0.0707994 
0.836271 0.692715 0.0241551 
0.836276 0.692504 0.0478937 
0.836281 0.692294 0.0716323 
0.836286 0.692083 0.0953709 
0.836794 0.717501 -0.0943275 
0.836799 0.71729 -0.0705889 
0.836823 0.716237 0.0481042 
0.836828 0.716026 0.0718428 
0.837371 0.739969 0.0483147 
0.837376 0.739758 0.0720533 
0.841929 -0.0907879 -0.00654038 
0.841934 -0.0909986 0.0171982 
0.842477 -0.0670556 -0.00632987 
0.842482 -0.0672663 0.0174088 
0.843024 -0.0433233 -0.00611935 
0.843029 -0.043534 0.0176193 
0.843572 -0.019591 -0.00590883 
0.843577 -0.0198017 0.0178298 
0.84411 0.00456267 -0.0531756 
0.844115 0.00435198 -0.0294369 
0.84412 0.0041413 -0.00569832 
0.844657 0.028295 -0.052965 
0.844662 0.0280843 -0.0292264 
0.844667 0.0278736 -0.0054878 
0.845205 0.0520273 -0.0527545 
0.84521 0.0518166 -0.0290159 
0.855599 0.503362 -0.096232 
0.855633 0.501888 0.0699384 
0.855638 0.501677 0.093677 
0.856141 0.527305 -0.11976 
0.856146 0.527095 -0.0960214 
0.856151 0.526884 -0.0722828 
0.856181 0.52562 0.0701489 
0.856186 0.525409 0.0938875 
0.856689 0.551038 -0.11955 
0.856694 0.550827 -0.0958109 
0.856699 0.550616 -0.0720723 
0.856729 0.549352 0.0703594 
0.856733 0.549142 0.094098 
0.857237 0.57477 -0.119339 
0.857242 0.574559 -0.0956004 
0.857246 0.574349 -0.0718618 
0.857271 0.573295 0.0468313 
0.857276 0.573085 0.0705699 
0.857281 0.572874 0.0943085 
0.857784 0.598502 -0.119129 
0.857789 0.598292 -0.0953899 
0.857794 0.598081 -0.0716513 
0.857819 0.597028 0.0470418 
0.857824 0.596817 0.0707804 
0.857829 0.596606 0.0945191 
0.858332 0.622235 -0.118918 
0.858337 0.622024 -0.0951794 
0.858342 0.621813 -0.0714408 
0.858361 0.620971 0.0235137 
0.858366 0.62076 0.0472523 
0.858371 0.620549 0.070991 
0.858376 0.620338 0.0947296 
0.858879 0.645967 -0.118707 
0.858884 0.645756 -0.0949689 
0.858889 0.645546 -0.0712302 
0.858909 0.644703 0.0237242 
0.858914 0.644492 0.0474629 
0.858919 0.644281 0.0712015 
0.858924 0.644071 0.0949401 
0.859427 0.669699 -0.118497 
0.859432 0.669489 -0.0947583 
0.859437 0.669278 -0.0710197 
0.859457 0.668435 0.0239347 
0.859461 0.668224 0.0476734 
0.859466 0.668014 0.071412 
0.859471 0.667803 0.0951506 
0.859979 0.693221 -0.0945478 
0.859984 0.69301 -0.0708092 
0.860004 0.692167 0.0241453 
0.860009 0.691957 0.0478839 
0.860014 0.691746 0.0716225 
0.860019 0.691535 0.0953611 
0.860557 0.715689 0.0480944 
0.860562 0.715478 0.071833 
0.861104 0.739421 0.0483049 
0.861109 0.739211 0.0720435 
0.866215 -0.0678138 0.017399 
0.866763 -0.0440815 0.0176095 
0.86731 -0.0203492 0.01782 
0.867843 0.00401517 -0.0531854 
0.867848 0.00380448 -0.0294467 
0.868391 0.0277475 -0.0529748 
0.868395 0.0275368 -0.0292362 
0.8684 0.0273261 -0.0054976 
0.868938 0.0514798 -0.0527643 
0.868943 0.0512691 -0.0290257 
0.868948 0.0510584 -0.00528709 
0.869491 0.0750014 -0.0288152 
0.879332 0.502815 -0.0962418 
0.879367 0.50134 0.0699286 
0.879372 0.501129 0.0936672 
0.879875 0.526758 -0.11977 
0.87988 0.526547 -0.0960312 
0.879885 0.526337 -0.0722926 
0.879914 0.525072 0.0701391 
0.879919 0.524862 0.0938777 
0.880422 0.55049 -0.119559 
0.880427 0.55028 -0.0958207 
0.880432 0.550069 -0.0720821 
0.880462 0.548805 0.0703496 
0.880467 0.548594 0.0940882 
0.88097 0.574223 -0.119349 
0.880975 0.574012 -0.0956102 
0.88098 0.573801 -0.0718716 
0.881004 0.572748 0.0468215 
0.881009 0.572537 0.0705601 
0.881014 0.572326 0.0942987 
0.881517 0.597955 -0.119138 
0.881522 0.597744 -0.0953997 
0.881527 0.597533 -0.0716611 
0.881552 0.59648 0.047032 
0.881557 0.596269 0.0707706 
0.881562 0.596059 0.0945093 
0.882065 0.621687 -0.118928 
0.88207 0.621476 -0.0951892 
0.882075 0.621266 -0.0714506 
0.8821 0.620212 0.0472425 
0.882104 0.620002 0.0709812 
0.882109 0.619791 0.0947198 
0.882613 0.645419 -0.118717 
0.882617 0.645209 -0.0949787 
0.882622 0.644998 -0.07124 
0.882647 0.643945 0.0474531 
0.882652 0.643734 0.0711917 
0.882657 0.643523 0.0949303 
0.883165 0.668941 -0.0947681 
0.88317 0.66873 -0.0710295 
0.883195 0.667677 0.0476636 
0.8832 0.667466 0.0714022 
0.883205 0.667256 0.0951408 
0.883742 0.691409 0.0478741 
0.883747 0.691199 0.0716127 
0.884295 0.714931 0.0718232 
0.890496 -0.044629 0.0175997 
0.891043 -0.0208967 0.0178102 
0.892124 0.0272 -0.0529846 
0.892129 0.0269893 -0.029246 
0.892671 0.0509323 -0.0527741 
0.892676 0.0507216 -0.0290355 
0.892681 0.0505109 -0.00529689 
0.893219 0.0746646 -0.0525636 
0.893224 0.0744539 -0.028825 
0.9031 0.500793 0.0699188 
0.903105 0.500582 0.0936574 
0.903613 0.526 -0.096041 
0.903647 0.524525 0.0701293 
0.903652 0.524314 0.0938679 
0.904155 0.549943 -0.119569 
0.90416 0.549732 -0.0958305 
0.90419 0.548468 0.0466012 
0.904195 0.548257 0.0703398 
0.9042 0.548047 0.0940784 
0.904703 0.573675 -0.119359 
0.904708 0.573464 -0.09562 
0.904738 0.5722 0.0468117 
0.904743 0.57199 0.0705503 
0.904748 0.571779 0.0942889 
0.905251 0.597407 -0.119148 
0.905256 0.597197 -0.0954095 
0.905285 0.595933 0.0470222 
0.90529 0.595722 0.0707608 
0.905295 0.595511 0.0944995 
0.905798 0.62114 -0.118938 
0.905803 0.620929 -0.095199 
0.905833 0.619665 0.0472327 
0.905838 0.619454 0.0709714 
0.905843 0.619243 0.09471 
0.90638 0.643397 0.0474433 
0.906385 0.643186 0.0711819 
0.90639 0.642976 0.0949205 
0.906928 0.667129 0.0476538 
0.906933 0.666919 0.0713924 
0.906938 0.666708 0.095131 
0.907476 0.690862 0.0478643 
0.90748 0.690651 0.0716029 
0.915862 0.0264418 -0.0292558 
0.916405 0.0503848 -0.0527839 
0.91641 0.0501741 -0.0290453 
0.916952 0.0741171 -0.0525734 
0.916957 0.0739064 -0.0288348 
0.926833 0.500245 0.069909 
0.926838 0.500034 0.0936476 
0.927381 0.523977 0.0701195 
0.927386 0.523767 0.0938581 
0.927928 0.54771 0.07033 
0.927933 0.547499 0.0940686 
0.928436 0.573128 -0.119368 
0.928441 0.572917 -0.0956298 
0.928471 0.571653 0.0468019 
0.928476 0.571442 0.0705405 
0.928481 0.571231 0.0942791 
0.929018 0.595385 0.0470124 
0.929023 0.595174 0.070751 
0.929028 0.594964 0.0944897 
0.929566 0.619117 0.0472229 
0.929571 0.618907 0.0709616 
0.929576 0.618696 0.0947002 
0.930119 0.642639 0.0711721 
0.930666 0.666371 0.0713826 
0.950571 0.499487 0.0936378 
0.951114 0.52343 0.0701097 
0.951119 0.523219 0.0938483 
0.951662 0.547162 0.0703202 
0.951666 0.546952 0.0940588 
0.952209 0.570895 0.0705307 
0.952214 0.570684 0.0942693 
0.952757 0.594627 0.0707412 
0.952762 0.594416 0.0944799 
0.953304 0.618359 0.0709518 
0.974847 0.522882 0.0700999 
0.974852 0.522672 0.0938385 
0.975395 0.546615 0.0703104 
0.9754 0.546404 0.094049 
0.975942 0.570347 0.0705209 
0.975947 0.570136 0.0942595 
0.987077 0.0241672 0.0419306 
0.987624 0.0478995 0.0421412 
0.999133 0.545857 0.0940392 
1.01136 0.047352 0.0421314 
1.35239 0.418982 0.0928396 
1.35294 0.442715 0.0930502 
1.38761 0.917656 0.00229621 
1.38761 0.917445 0.0260348 
1.38815 0.941388 0.00250672 
1.38816 0.941178 0.0262453 
1.41079 0.893376 0.00207589 
1.41133 0.91753 -0.0451908 
1.41133 0.917319 -0.0214522 
1.41134 0.917109 0.00228641 
1.41134 0.916898 0.026025 
1.41188 0.941262 -0.0449803 
1.41188 0.941052 -0.0212417 
1.41189 0.940841 0.00249692 
1.41189 0.94063 0.0262355 
1.41243 0.964784 -0.0210312 
1.41243 0.964573 0.00270744 
1.43452 0.893039 -0.0216725 
1.43452 0.892829 0.00206609 
1.43453 0.892618 0.0258047 
1.43506 0.916982 -0.0452006 
1.43507 0.916772 -0.021462 
1.43507 0.916561 0.00227661 
1.43508 0.91635 0.0260152 
1.43561 0.940715 -0.0449901 
1.43562 0.940504 -0.0212515 
1.43562 0.940293 0.00248712 
1.43563 0.940083 0.0262257 
1.43616 0.964236 -0.021041 
1.43617 0.964026 0.00269764 
1.43617 0.963815 0.0264363 
1.45826 0.892281 0.00205629 
1.4588 0.916435 -0.0452104 
1.4588 0.916224 -0.0214718 
1.45881 0.916014 0.00226681 
1.45881 0.915803 0.0260054 
1.45934 0.940167 -0.0449999 
1.45935 0.939957 -0.0212613 
1.45935 0.939746 0.00247732 
1.45936 0.939535 0.0262159 
1.4599 0.963689 -0.0210508 
1.4599 0.963478 0.00268784 
1.48254 0.915466 0.00225701 
1.48309 0.939198 0.00246752 
